tests/data/ionosphere_files/jplg0020.22i
     1.0            IONOSPHERE MAPS     GPS                 IONEX VERSION / TYPE
GIM V3.0            JPL - GNISD         05-jan-2022 02:37   PGM / RUN BY / DATE 
JPL'S GLOBAL IONOSPHERE MAPS YEAR 2022 DAY 002              COMMENT             
Global Ionospheric Maps (GIM) are generated on an hourly    DESCRIPTION         
and daily basis at JPL using data from up to 100 GPS sites  DESCRIPTION         
of the IGS and others institutions.                         DESCRIPTION         
The vertical TEC is modeled in a solar-geomagnetic          DESCRIPTION         
reference frame using bi-cubic splines on a spherical grid. DESCRIPTION         
A Kalman filter is used to solve simultaneously for         DESCRIPTION         
instrumental biases and VTEC on the grid (as stochastic     DESCRIPTION         
parameters).                                                DESCRIPTION         
Contact Address:  gpsiono@cobra.jpl.nasa.gov .              DESCRIPTION         
  2022     1     2     0     0     0                        EPOCH OF FIRST MAP  
  2022     1     3     0     0     0                        EPOCH OF LAST MAP   
  7200                                                      INTERVAL            
    13                                                      # OF MAPS IN FILE   
  NONE                                                      MAPPING FUNCTION    
    10.0                                                    ELEVATION CUTOFF    
One-way carrier phase leveled to code                       OBSERVABLES USED    
   170                                                      # OF STATIONS       
    31                                                      # OF SATELLITES     
  6371.0                                                    BASE RADIUS         
     2                                                      MAP DIMENSION       
   450.0 450.0   0.0                                        HGT1 / HGT2 / DHGT  
    87.5 -87.5  -2.5                                        LAT1 / LAT2 / DLAT  
  -180.0 180.0   5.0                                        LON1 / LON2 / DLON  
    -1                                                      EXPONENT            
TEC/RMS values in 0.1 TECU; 9999, if no value available     COMMENT             
                                                            END OF HEADER       
[from data line 858]
     3                                                      START OF TEC MAP    
  2022     1     2     4     0     0                        EPOCH OF CURRENT MAP
    87.5-180.0 180.0   5.0 450.0                            LAT/LON1/LON2/DLON/H
   33   34   34   34   34   33   33   33   33   33   33   33   33   32   32   32
   32   32   31   31   31   31   31   30   30   30   30   30   30   30   30   30
   30   30   30   30   30   30   30   30   30   30   30   30   30   30   30   30
   31   31   31   31   31   31   31   31   32   32   32   32   32   32   32   33
   33   33   33   33   33   33   33   33   33
    85.0-180.0 180.0   5.0 450.0                            LAT/LON1/LON2/DLON/H
   35   35   35   35   35   35   35   35   35   35   34   34   34   33   33   32
   32   31   31   30   30   29   29   29   28   28   28   28   28   28   28   28
   28   28   28   28   28   29   29   29   29   29   29   29   30   30   30   30
   30   30   30   31   31   31   31   32   32   32   32   33   33   33   33   33
   34   34   34   34   34   35   35   35   35
    82.5-180.0 180.0   5.0 450.0                            LAT/LON1/LON2/DLON/H
   37   37   37   37   37   37   37   37   37   37   36   36   35   34   34   33
   32   31   30   30   29   28   28   27   27   27   26   26   26   26   26   27
   27   27   27   28   28   28   29   29   29   30   30   30   30   30   30   30
   30   31   31   31   31   32   32   33   33   33   34   34   34   35   35   35
   35   36   36   36   36   36   36   37   37
    80.0-180.0 180.0   5.0 450.0                            LAT/LON1/LON2/DLON/H
   39   39   39   39   39   40   40   40   40   39   39   38   37   36   35   34
   33   32   31   30   29   28   28   27   27   26   26   26   26   26   26   26
   27   27   27   28   28   29   30   30   30   31   31   31   31   31   31   31
   31   32   32   33   33   34   35   36   36   37   37   38   38   38   39   39
   39   39   39   39   39   39   39   39   39
    77.5-180.0 180.0   5.0 450.0                            LAT/LON1/LON2/DLON/H
   42   42   42   42   42   42   42   42   42   42   41   40   39   38   37   35
   34   33   32   31   30   29   29   28   28   27   27   27   27   26   26   27
   27   27   28   28   29   30   31   31   32   32   32   32   32   32   32   32
   33   33   34   36   37   39   40   42   43   43   44   45   45   45   46   46
   46   46   46   46   45   44   43   43   42
    75.0-180.0 180.0   5.0 450.0                            LAT/LON1/LON2/DLON/H
   46   45   44   44   44   44   44   44   44   43   42   41   40   39   38   37
   36   35   34   34   33   32   31   31   30   30   29   29   28   28   28   28
   28   28   28   29   30   31   31   32   33   33   34   34   34   33   33   33
   34   35   37   39   42   45   47   50   51   53   53   54   55   55   56   56
   57   57   56   55   54   52   50   48   46
    72.5-180.0 180.0   5.0 450.0                            LAT/LON1/LON2/DLON/H
   50   48   46   46   45   45   45   45   44   43   42   41   40   40   39   39
   39   38   37   37   36   36   35   34   34   33   32   32   31   30   29   29
   28   28   29   29   30   31   32   33   34   34   35   35   34   34   34   34
   35   37   39   43   47   51   55   59   61   63   64   65   66   66   67   69
   69   70   69   67   65   61   57   53   50
    70.0-180.0 180.0   5.0 450.0                            LAT/LON1/LON2/DLON/H
   54   50   48   46   45   45   44   44   43   42   41   41   40   40   41   41
   41   41   41   40   40   39   38   38   37   36   35   34   33   32   30   29
   29   28   29   29   30   31   32   33   33   34   35   35   35   34   34   34
   35   38   42   47   52   58   63   68   71   73   75   75   76   77   79   81
   82   82   82   79   75   70   65   59   54
    67.5-180.0 180.0   5.0 450.0                            LAT/LON1/LON2/DLON/H
   57   52   48   45   44   43   43   43   42   41   41   40   40   41   42   42
   43   43   43   43   43   42   41   40   39   38   37   36   34   33   31   30
   29   29   29   29   30   31   31   32   33   33   34   34   34   34   34   35
   36   39   44   50   57   64   70   76   79   82   83   84   85   87   89   91
   92   93   92   90   85   78   71   64   57
    65.0-180.0 180.0   5.0 450.0                            LAT/LON1/LON2/DLON/H
   60   53   48   44   42   42   41   42   41   41   40   40   40   41   42   43
   44   45   45   45   44   43   42   41   40   39   38   36   35   33   32   31
   30   30   30   30   30   31   31   31   31   32   33   33   34   34   34   35
   37   41   46   53   61   69   76   82   86   88   90   91   92   93   95   97
   98   99   99   96   91   84   76   68   60
    62.5-180.0 180.0   5.0 450.0                            LAT/LON1/LON2/DLON/H
   62   55   49   44   42   41   41   41   41   41   40   40   41   42   43   44
   45   46   46   45   44   43   42   41   40   39   37   37   36   35   34   34
   33   33   33   32   32   31   31   31   31   31   32   33   33   34   35   36
   39   43   49   57   65   74   81   87   91   94   95   96   97   97   98  100
  101  102  101   99   94   87   79   71   62
    60.0-180.0 180.0   5.0 450.0                            LAT/LON1/LON2/DLON/H
   66   58   51   46   42   41   41   42   42   42   41   41   41   43   44   45
   46   46   46   45   44   43   42   41   39   39   38   38   37   38   38   38
   38   38   38   36   35   34   33   32   31   32   32   33   34   35   36   38
   42   47   54   62   71   79   86   92   96   99  101  101  101  101  101  101
  101  102  101   99   95   90   83   75   66
    57.5-180.0 180.0   5.0 450.0                            LAT/LON1/LON2/DLON/H
   72   64   57   50   46   44   44   44   44   44   43   42   42   44   45   46
   47   46   46   45   44   42   41   41   40   40   40   40   41   43   44   45
   46   46   45   43   41   39   37   35   34   34   34   35   36   37   39   42
   47   53   61   70   78   87   94  100  104  107  108  108  107  105  104  102
  102  102  101  100   97   93   87   80   72
    55.0-180.0 180.0   5.0 450.0                            LAT/LON1/LON2/DLON/H
   80   72   64   57   52   49   48   48   47   46   45   44   44   45   46   47
   47   47   46   44   43   42   42   42   43   43   44   46   48   50   52   53
   54   55   54   52   49   46   43   41   39   38   38   38   39   41   44   48
   54   62   71   80   89   97  104  110  115  118  118  117  115  112  109  106
  104  104  104  104  102   99   94   88   80
    52.5-180.0 180.0   5.0 450.0                            LAT/LON1/LON2/DLON/H
   90   81   73   65   59   55   53   52   51   50   48   47   47   47   48   48
   48   47   46   45   44   43   44   46   47   49   51   53   56   58   60   62
   63   63   63   62   59   56   52   49   46   45   44   43   44   46   51   57
   65   74   84   93  102  110  117  123  128  131  131  129  125  120  116  113
  111  111  111  112  111  108  103   97   90
    50.0-180.0 180.0   5.0 450.0                            LAT/LON1/LON2/DLON/H
   99   90   81   74   67   62   59   57   56   54   52   51   50   50   51   50
   50   49   48   46   46   47   49   52   54   57   60   62   65   67   68   69
   70   71   72   72   71   67   63   58   55   52   51   50   51   54   60   68
   78   89   99  108  117  124  130  137  142  145  144  140  135  129  124  120
  119  120  122  123  123  120  115  108   99
    47.5-180.0 180.0   5.0 450.0                            LAT/LON1/LON2/DLON/H
  108   98   89   81   74   68   64   62   61   59   57   56   54   54   54   53
   53   52   52   51   51   53   56   60   64   68   71   73   74   74   74   74
   74   75   78   81   82   79   74   68   64   61   59   58   59   63   71   81
   93  104  115  123  130  137  142  148  154  156  155  150  143  137  131  128
  127  130  133  135  136  133  128  119  108
    45.0-180.0 180.0   5.0 450.0                            LAT/LON1/LON2/DLON/H
  115  104   94   86   79   73   68   66   65   64   63   61   60   58   58   58
   58   59   59   59   60   63   67   72   77   81   83   84   83   80   77   75
   75   78   83   88   91   89   83   77   72   69   67   66   67   73   82   95
  108  120  129  136  142  146  151  157  162  164  161  156  148  141  136  133
  134  137  142  145  146  144  138  127  115
    42.5-180.0 180.0   5.0 450.0                            LAT/LON1/LON2/DLON/H
  120  107   97   89   82   76   71   69   68   68   68   67   66   64   63   64
   66   68   70   72   74   77   81   87   92   96   97   95   91   85   80   76
   75   78   84   92   97   96   91   84   79   76   74   74   77   83   95  108
  122  132  140  145  148  151  155  160  164  166  163  156  148  141  136  134
  135  140  145  149  151  150  144  133  120
    40.0-180.0 180.0   5.0 450.0                            LAT/LON1/LON2/DLON/H
  121  108   98   90   83   77   73   70   70   72   74   74   73   71   70   71
   75   79   83   86   89   93   97  103  108  111  110  106   98   89   81   76
   76   78   85   93   99   99   95   89   85   82   81   82   86   94  106  121
  133  142  147  150  151  153  156  161  165  166  162  155  147  140  135  134
  135  139  142  145  147  148  145  135  121
    37.5-180.0 180.0   5.0 450.0                            LAT/LON1/LON2/DLON/H
  121  107   97   89   83   78   74   71   71   74   79   82   82   80   79   81
   86   91   96  101  104  108  112  117  121  122  120  113  103   92   82   77
   77   80   84   91   97   99   96   92   88   87   87   89   95  104  118  132
  143  149  152  153  153  155  158  163  167  168  164  157  148  142  138  136
  137  139  140  139  139  141  141  133  121
    35.0-180.0 180.0   5.0 450.0                            LAT/LON1/LON2/DLON/H
  119  105   94   86   81   77   73   71   71   77   85   90   91   90   89   92
   97  103  108  113  117  120  122  125  128  129  125  117  105   93   83   80
   81   83   85   89   94   96   95   93   91   90   92   96  103  114  128  142
  151  156  157  157  157  160  165  171  175  177  173  165  156  150  147  146
  146  146  143  137  134  135  136  131  119
    32.5-180.0 180.0   5.0 450.0                            LAT/LON1/LON2/DLON/H
  119  104   91   83   78   75   73   71   73   80   90   97  100  101  101  103
  107  112  117  121  124  125  125  126  127  126  122  114  103   92   85   85
   87   88   86   87   90   92   93   93   92   93   95  100  109  122  137  151
  160  163  164  164  167  172  179  187  194  196  193  183  173  168  167  168
  169  166  159  148  139  138  138  132  119
    30.0-180.0 180.0   5.0 450.0                            LAT/LON1/LON2/DLON/H
  125  107   91   81   75   74   73   73   75   83   94  103  108  109  110  112
  115  119  122  125  126  124  121  119  118  117  113  107   98   90   87   90
   95   94   89   86   86   89   91   92   93   93   96  103  114  128  144  158
  168  172  175  178  183  191  202  212  221  225  222  211  201  197  200  204
  206  204  194  178  162  154  149  140  125
    27.5-180.0 180.0   5.0 450.0                            LAT/LON1/LON2/DLON/H
  138  116   97   83   76   75   75   76   79   87   97  106  111  114  116  117
  119  121  123  124  123  119  113  108  106  105  102   99   93   89   90   97
  103  102   94   86   84   86   88   90   91   92   96  104  117  132  148  164
  176  183  189  196  205  217  230  243  254  260  257  246  236  234  240  248
  253  253  244  227  205  188  174  159  138
    25.0-180.0 180.0   5.0 450.0                            LAT/LON1/LON2/DLON/H
  162  135  111   92   82   79   79   81   84   90   97  104  109  112  115  117
  118  119  120  120  118  112  105   98   95   93   92   92   91   91   95  105
  112  110   99   89   84   83   85   87   88   89   93  103  116  133  150  168
  183  195  205  217  230  245  261  275  287  294  292  283  274  276  284  295
  303  306  301  284  259  233  211  189  162
    22.5-180.0 180.0   5.0 450.0                            LAT/LON1/LON2/DLON/H
  194  163  134  110   94   87   85   86   89   92   97  100  103  105  108  110
  111  112  112  113  112  107  100   94   90   88   87   89   92   97  104  115
  122  118  105   92   84   82   82   83   83   83   88   99  114  131  150  171
  190  207  222  238  255  273  290  305  318  325  325  319  314  317  327  337
  346  352  352  339  313  281  252  224  194
    20.0-180.0 180.0   5.0 450.0                            LAT/LON1/LON2/DLON/H
  227  195  164  135  113   99   93   91   93   94   96   96   96   97   98  100
  101  102  103  105  107  106  102   97   94   90   89   93   99  106  115  125
  130  125  111   95   85   80   78   77   76   75   81   94  111  129  150  173
  197  218  238  257  277  297  315  330  341  348  351  351  351  356  363  370
  375  382  387  381  357  324  290  259  227
    17.5-180.0 180.0   5.0 450.0                            LAT/LON1/LON2/DLON/H
  257  226  194  163  135  115  102   96   95   96   96   95   93   90   90   90
   91   92   95  100  106  110  111  108  105  100   97  101  109  117  126  134
  136  129  114   98   86   79   75   71   68   67   74   89  108  128  150  176
  204  229  251  273  296  318  336  349  358  364  370  378  385  390  393  391
  389  393  401  401  383  352  319  288  257
    15.0-180.0 180.0   5.0 450.0                            LAT/LON1/LON2/DLON/H
  280  252  222  190  158  132  113  102   98   99  101  101   96   91   88   87
   87   88   92  100  110  119  124  124  120  114  109  112  120  128  135  140
  139  131  116  100   88   79   72   66   61   61   69   86  107  128  151  180
  210  238  263  286  311  333  350  362  369  374  384  398  412  417  415  404
  393  391  399  402  389  364  335  307  280
    12.5-180.0 180.0   5.0 450.0                            LAT/LON1/LON2/DLON/H
  294  270  243  212  180  150  125  109  103  104  110  113  109  103   97   94
   92   94   99  108  120  133  140  142  138  129  123  125  132  138  141  141
  137  128  115  101   89   80   72   64   58   58   67   86  108  130  154  184
  216  245  271  296  321  343  359  369  374  380  392  412  430  436  429  411
  392  383  389  394  385  365  341  317  294
    10.0-180.0 180.0   5.0 450.0                            LAT/LON1/LON2/DLON/H
  301  280  257  229  198  167  140  121  112  114  123  130  128  122  116  112
  110  111  117  127  140  151  158  158  153  144  137  137  142  144  144  140
  133  124  113  101   91   83   74   65   59   60   70   88  110  133  158  188
  221  251  277  302  326  346  360  369  375  381  395  418  438  444  436  416
  393  379  379  383  378  363  342  321  301
     7.5-180.0 180.0   5.0 450.0                            LAT/LON1/LON2/DLON/H
  305  286  266  241  214  186  160  138  127  128  139  149  150  145  140  136
  135  137  144  154  165  173  175  172  165  157  150  149  151  149  144  136
  128  119  111  102   94   87   79   70   64   66   76   93  114  137  162  192
  223  253  279  303  325  343  356  364  371  381  396  417  436  444  439  422
  400  383  378  378  374  362  344  324  305
     5.0-180.0 180.0   5.0 450.0                            LAT/LON1/LON2/DLON/H
  310  292  273  252  229  205  182  161  147  146  156  166  169  166  162  159
  159  162  171  182  190  192  188  182  174  167  162  160  158  153  143  133
  124  116  110  104   99   93   85   77   72   74   83   99  119  141  165  194
  224  253  278  301  321  337  348  357  367  380  396  414  430  439  440  430
  414  397  387  383  379  369  351  330  310
     2.5-180.0 180.0   5.0 450.0                            LAT/LON1/LON2/DLON/H
  319  299  281  262  243  225  206  186  171  166  171  179  183  181  177  174
  175  180  190  201  206  203  195  187  180  175  173  171  165  156  143  131
  123  117  112  107  103   99   92   84   79   82   91  106  124  145  168  195
  223  249  274  297  315  329  339  349  363  380  398  413  425  435  441  441
  433  418  404  396  392  383  365  341  319
