tests/data/ionosphere_files/jplg0030.22i
     1.0            IONOSPHERE MAPS     GPS                 IONEX VERSION / TYPE
GIM V3.0            JPL - GNISD         06-jan-2022 02:36   PGM / RUN BY / DATE 
JPL'S GLOBAL IONOSPHERE MAPS YEAR 2022 DAY 003              COMMENT             
Global Ionospheric Maps (GIM) are generated on an hourly    DESCRIPTION         
and daily basis at JPL using data from up to 100 GPS sites  DESCRIPTION         
of the IGS and others institutions.                         DESCRIPTION         
The vertical TEC is modeled in a solar-geomagnetic          DESCRIPTION         
reference frame using bi-cubic splines on a spherical grid. DESCRIPTION         
A Kalman filter is used to solve simultaneously for         DESCRIPTION         
instrumental biases and VTEC on the grid (as stochastic     DESCRIPTION         
parameters).                                                DESCRIPTION         
Contact Address:  gpsiono@cobra.jpl.nasa.gov .              DESCRIPTION         
  2022     1     3     0     0     0                        EPOCH OF FIRST MAP  
  2022     1     4     0     0     0                        EPOCH OF LAST MAP   
  7200                                                      INTERVAL            
    13                                                      # OF MAPS IN FILE   
  NONE                                                      MAPPING FUNCTION    
    10.0                                                    ELEVATION CUTOFF    
One-way carrier phase leveled to code                       OBSERVABLES USED    
   170                                                      # OF STATIONS       
    31                                                      # OF SATELLITES     
  6371.0                                                    BASE RADIUS         
     2                                                      MAP DIMENSION       
   450.0 450.0   0.0                                        HGT1 / HGT2 / DHGT  
    87.5 -87.5  -2.5                                        LAT1 / LAT2 / DLAT  
  -180.0 180.0   5.0                                        LON1 / LON2 / DLON  
    -1                                                      EXPONENT            
TEC/RMS values in 0.1 TECU; 9999, if no value available     COMMENT             
                                                            END OF HEADER       
[from data line 4290]
    11                                                      START OF TEC MAP    
  2022     1     3    20     0     0                        EPOCH OF CURRENT MAP
    87.5-180.0 180.0   5.0 450.0                            LAT/LON1/LON2/DLON/H
   58   59   59   59   59   59   59   60   60   60   59   59   59   59   59   58
   58   58   57   57   56   56   55   55   54   54   53   53   52   52   52   51
   51   51   50   50   50   50   50   50   50   50   50   50   50   50   50   50
   51   51   51   52   52   52   53   53   53   54   54   54   55   55   55   56
   56   56   57   57   57   58   58   58   58
    85.0-180.0 180.0   5.0 450.0                            LAT/LON1/LON2/DLON/H
   61   62   62   63   63   64   64   64   65   65   65   65   65   65   64   63
   63   62   61   60   59   58   57   56   54   53   52   52   51   50   49   48
   48   47   47   46   46   46   46   46   46   46   46   46   47   47   47   48
   48   49   49   50   50   51   51   52   53   53   54   54   55   55   56   56
   57   57   58   58   59   59   60   60   61
    82.5-180.0 180.0   5.0 450.0                            LAT/LON1/LON2/DLON/H
   61   62   62   64   65   66   67   68   69   70   70   71   71   70   70   69
   68   66   65   63   61   59   57   56   54   53   51   50   49   48   47   46
   45   45   44   44   43   43   43   43   43   43   43   44   44   44   45   46
   46   47   47   48   49   50   50   51   51   52   53   53   54   54   55   55
   56   56   57   57   58   59   59   60   61
    80.0-180.0 180.0   5.0 450.0                            LAT/LON1/LON2/DLON/H
   57   58   60   61   63   65   67   69   71   73   75   76   76   76   75   74
   72   70   67   65   62   59   57   54   52   50   49   47   46   45   44   44
   43   42   42   41   41   41   41   41   41   41   41   41   42   42   43   44
   44   45   46   46   47   47   48   49   49   50   50   51   51   51   52   52
   53   53   54   54   54   55   56   56   57
    77.5-180.0 180.0   5.0 450.0                            LAT/LON1/LON2/DLON/H
   52   53   55   57   59   62   65   68   72   75   78   80   81   81   80   78
   76   73   69   65   61   57   54   51   49   47   45   44   43   42   41   41
   40   40   40   39   39   39   39   39   39   39   39   39   40   40   41   41
   42   42   43   43   44   44   44   45   45   45   45   45   46   46   46   47
   47   47   48   48   48   49   50   51   52
    75.0-180.0 180.0   5.0 450.0                            LAT/LON1/LON2/DLON/H
   45   47   49   52   55   58   62   67   71   76   80   84   86   87   86   84
   80   75   70   64   59   54   49   46   43   41   39   38   38   37   37   37
   37   37   37   37   37   37   37   37   37   37   37   38   38   38   38   39
   39   39   39   39   39   39   39   39   39   38   38   38   38   38   39   39
   39   40   40   41   41   42   43   44   45
    72.5-180.0 180.0   5.0 450.0                            LAT/LON1/LON2/DLON/H
   40   42   45   48   51   55   60   65   71   78   84   89   93   95   94   91
   85   79   72   64   56   50   45   41   37   35   33   32   32   32   33   33
   33   34   34   34   35   35   35   35   35   35   35   36   36   36   36   36
   36   35   35   35   34   34   33   33   32   32   31   31   30   30   30   31
   31   32   32   33   34   35   37   38   40
    70.0-180.0 180.0   5.0 450.0                            LAT/LON1/LON2/DLON/H
   38   41   44   47   51   55   60   66   74   82   90   97  102  105  104  100
   94   85   75   66   57   49   44   38   34   30   28   27   27   27   28   29
   30   31   31   32   32   33   33   33   33   33   33   33   33   33   33   32
   32   32   31   31   30   29   28   27   26   26   25   24   24   24   24   24
   24   25   26   27   28   30   32   35   38
    67.5-180.0 180.0   5.0 450.0                            LAT/LON1/LON2/DLON/H
   38   42   47   51   55   59   64   70   78   88   98  107  114  117  117  113
  106   95   84   72   62   54   47   41   35   29   26   24   23   24   24   26
   27   28   29   29   30   30   30   31   31   31   31   31   31   30   30   30
   29   29   28   27   26   26   25   24   23   22   21   20   20   20   20   20
   20   21   22   23   25   28   31   34   38
    65.0-180.0 180.0   5.0 450.0                            LAT/LON1/LON2/DLON/H
   41   47   53   58   63   67   71   77   85   95  107  117  126  130  131  128
  120  109   96   83   72   64   57   49   41   33   28   24   22   22   23   24
   25   26   27   27   28   28   28   28   29   29   29   29   29   29   28   28
   27   26   26   25   25   24   23   23   22   21   20   20   20   20   20   20
   21   21   22   23   25   28   31   36   41
    62.5-180.0 180.0   5.0 450.0                            LAT/LON1/LON2/DLON/H
   46   53   61   67   72   76   80   85   93  103  115  127  137  143  145  143
  136  125  111   98   88   79   71   62   52   42   34   28   24   23   23   24
   25   26   27   26   26   26   26   27   28   28   29   29   29   29   28   27
   26   25   25   25   25   25   25   24   24   23   23   23   23   23   24   24
   25   25   25   26   27   30   34   39   46
    60.0-180.0 180.0   5.0 450.0                            LAT/LON1/LON2/DLON/H
   50   59   69   77   83   86   89   94  100  111  123  135  146  153  157  156
  150  140  128  115  105   96   87   77   66   54   44   36   30   26   25   26
   28   29   28   28   27   26   27   28   29   30   31   32   32   30   29   27
   26   26   26   27   27   27   28   28   27   27   27   27   28   29   30   30
   31   31   31   31   32   34   37   43   50
    57.5-180.0 180.0   5.0 450.0                            LAT/LON1/LON2/DLON/H
   54   64   75   85   93   98  100  103  109  118  129  141  151  159  164  165
  161  154  143  131  121  111  102   92   80   68   58   48   39   33   30   31
   32   33   33   31   30   29   30   31   33   35   36   37   36   35   32   30
   28   28   29   30   31   32   32   33   33   33   33   33   34   36   37   37
   38   37   37   37   37   38   41   46   54
    55.0-180.0 180.0   5.0 450.0                            LAT/LON1/LON2/DLON/H
   58   69   81   93  103  110  112  114  118  125  135  145  154  161  167  170
  169  164  155  144  133  124  114  103   92   82   73   62   52   43   38   37
   38   39   39   37   35   35   36   38   40   43   44   45   43   41   37   34
   32   32   33   35   37   38   39   39   39   39   39   40   41   42   43   44
   44   44   43   42   41   42   44   50   58
    52.5-180.0 180.0   5.0 450.0                            LAT/LON1/LON2/DLON/H
   61   73   86  101  114  122  126  127  129  133  140  148  155  161  167  171
  173  170  163  153  142  132  121  110  102   95   88   78   65   54   46   44
   45   46   46   44   44   44   46   48   50   52   54   54   52   48   44   40
   39   39   40   42   44   45   46   46   46   46   45   46   46   47   48   48
   48   48   47   46   45   45   48   53   61
    50.0-180.0 180.0   5.0 450.0                            LAT/LON1/LON2/DLON/H
   66   77   92  108  124  135  140  141  141  142  146  150  155  160  165  171
  175  175  170  161  149  137  126  116  109  105  101   92   79   65   55   52
   52   53   54   53   53   55   57   59   61   63   64   63   60   56   52   48
   47   47   48   50   52   53   54   54   53   52   51   51   51   51   52   52
   52   51   50   49   48   48   51   57   66
    47.5-180.0 180.0   5.0 450.0                            LAT/LON1/LON2/DLON/H
   72   83   97  115  132  146  153  154  154  153  153  154  156  159  164  170
  175  178  175  167  156  144  131  121  116  114  111  103   89   74   63   59
   58   60   61   62   63   65   68   70   71   72   73   71   69   65   60   57
   55   56   57   59   60   61   61   60   59   57   56   56   56   55   55   54
   54   54   53   52   51   52   56   63   72
    45.0-180.0 180.0   5.0 450.0                            LAT/LON1/LON2/DLON/H
   79   90  102  119  138  154  164  168  168  165  162  160  159  160  163  169
  175  180  180  175  165  153  140  129  122  119  115  107   94   80   69   64
   64   66   68   70   72   74   77   78   79   80   80   78   76   72   68   65
   64   64   65   66   67   67   66   64   63   61   60   60   60   59   57   56
   56   56   55   54   54   55   61   69   79
    42.5-180.0 180.0   5.0 450.0                            LAT/LON1/LON2/DLON/H
   87   96  107  122  140  158  172  180  183  180  174  168  164  163  164  168
  175  182  186  185  178  166  153  140  131  123  116  106   94   83   74   70
   70   72   75   77   79   81   82   83   84   84   85   83   81   78   75   72
   71   71   71   72   72   71   69   67   65   64   63   63   63   62   60   59
   59   59   58   57   57   60   67   77   87
    40.0-180.0 180.0   5.0 450.0                            LAT/LON1/LON2/DLON/H
   96  104  112  123  140  159  178  193  199  197  188  179  173  169  168  170
  176  185  193  195  191  182  169  154  140  127  114  103   93   85   79   75
   75   78   81   83   84   84   84   85   86   87   88   87   84   82   79   77
   76   75   75   75   74   72   70   67   65   65   65   66   66   65   63   62
   62   63   62   60   60   65   74   86   96
    37.5-180.0 180.0   5.0 450.0                            LAT/LON1/LON2/DLON/H
  106  112  117  126  140  160  183  204  217  216  206  195  185  179  175  175
  180  190  200  205  204  196  183  166  148  130  114  102   95   90   86   83
   81   84   87   88   87   86   85   85   86   88   89   88   86   83   81   80
   78   77   76   76   75   73   70   67   65   65   66   68   68   67   65   65
   66   67   66   64   64   70   81   95  106
    35.0-180.0 180.0   5.0 450.0                            LAT/LON1/LON2/DLON/H
  115  122  125  130  142  161  187  214  232  234  225  213  202  193  187  185
  188  196  206  212  212  205  192  174  154  134  117  107  102  101   98   93
   89   91   94   95   92   89   87   86   87   88   89   88   86   83   82   81
   79   77   76   76   75   73   70   67   65   65   67   69   70   69   67   67
   69   71   70   68   69   77   89  104  115
    32.5-180.0 180.0   5.0 450.0                            LAT/LON1/LON2/DLON/H
  126  132  135  139  147  164  191  222  244  249  242  231  220  210  203  200
  200  205  211  215  213  205  192  174  156  138  125  120  119  119  114  106
  100  100  103  103  100   96   92   90   88   89   89   88   85   83   82   81
   79   77   76   76   76   74   71   68   66   66   68   70   71   70   69   69
   72   74   74   72   75   84   98  113  126
    30.0-180.0 180.0   5.0 450.0                            LAT/LON1/LON2/DLON/H
  136  144  148  151  157  170  194  224  249  258  255  247  238  230  222  217
  214  214  215  213  206  196  183  168  154  143  138  140  143  143  136  124
  114  112  114  115  113  108  103   96   92   91   90   88   86   84   83   82
   80   78   77   77   77   76   74   71   69   68   69   70   71   70   70   71
   74   77   77   77   81   92  107  123  136
    27.5-180.0 180.0   5.0 450.0                            LAT/LON1/LON2/DLON/H
  146  157  164  168  171  180  198  223  246  258  262  260  256  249  241  234
  228  224  218  209  197  184  171  160  152  150  156  166  173  172  161  145
  131  127  130  131  130  125  117  106   98   94   93   90   88   87   87   85
   83   80   79   79   79   79   78   75   72   70   70   71   71   70   70   72
   75   78   80   82   89  101  116  132  146
    25.0-180.0 180.0   5.0 450.0                            LAT/LON1/LON2/DLON/H
  156  170  181  189  193  197  207  225  243  256  264  269  271  267  259  250
  242  233  221  206  189  173  161  154  155  163  179  196  206  203  189  169
  153  147  148  150  149  144  133  118  106  101   98   96   95   93   92   90
   87   84   82   82   82   83   82   80   76   73   71   71   70   69   69   72
   76   79   82   87   97  110  125  140  156
    22.5-180.0 180.0   5.0 450.0                            LAT/LON1/LON2/DLON/H
  165  183  202  217  223  224  227  236  247  258  268  279  286  284  274  263
  252  241  226  207  186  169  158  158  166  182  205  229  241  235  218  195
  178  170  168  168  166  161  147  130  116  109  107  105  103  102   99   96
   92   89   86   86   86   87   86   83   79   75   73   71   69   68   68   71
   76   80   84   92  104  118  133  148  165
    20.0-180.0 180.0   5.0 450.0                            LAT/LON1/LON2/DLON/H
  174  196  224  249  263  266  264  264  266  271  280  292  302  301  288  273
  261  249  233  213  192  175  168  173  188  209  237  262  274  267  246  222
  203  192  187  183  180  172  157  139  125  119  117  116  113  110  107  102
   98   95   93   92   91   91   89   86   82   78   74   71   68   66   67   70
   75   79   86   96  111  126  141  156  174
    17.5-180.0 180.0   5.0 450.0                            LAT/LON1/LON2/DLON/H
  183  210  247  284  308  317  316  313  307  303  304  313  321  318  302  284
  270  257  242  224  205  191  188  199  218  242  269  294  304  295  272  246
  226  212  203  194  186  176  161  145  134  131  129  126  123  118  113  109
  106  104  102  100   97   95   91   88   84   80   75   70   67   65   66   69
   74   79   86   99  116  132  148  163  183
    15.0-180.0 180.0   5.0 450.0                            LAT/LON1/LON2/DLON/H
  192  223  268  316  351  369  375  373  364  352  344  344  345  338  319  297
  280  267  254  239  223  212  215  231  253  276  300  321  329  318  294  267
  245  228  213  199  186  175  162  150  144  143  141  136  129  122  117  114
  113  113  111  109  104   99   93   89   85   81   75   69   65   64   65   68
   73   78   87  101  119  137  154  171  192
    12.5-180.0 180.0   5.0 450.0                            LAT/LON1/LON2/DLON/H
  202  236  285  340  386  414  428  431  423  406  390  380  373  361  340  315
  294  279  267  255  244  237  244  264  286  306  325  340  346  335  310  283
  259  238  219  201  185  172  162  156  156  157  153  143  132  123  118  118
  120  121  121  117  110  102   95   89   86   81   75   68   64   63   64   68
   73   78   88  103  122  141  159  178  202
    10.0-180.0 180.0   5.0 450.0                            LAT/LON1/LON2/DLON/H
  212  247  296  353  405  442  465  473  468  451  430  412  398  384  363  336
  311  292  280  272  264  262  272  294  314  330  342  351  354  343  321  294
  269  246  224  203  186  173  166  165  170  172  164  149  134  123  118  121
  125  129  128  123  115  105   97   90   86   80   73   67   63   62   64   69
   74   79   89  104  124  144  164  186  212
     7.5-180.0 180.0   5.0 450.0                            LAT/LON1/LON2/DLON/H
  221  256  302  356  408  448  474  487  487  475  454  433  416  403  386  359
  330  308  295  287  283  285  298  319  336  345  351  355  355  347  328  303
  278  255  232  211  193  182  177  179  186  188  176  156  137  124  120  123
  130  133  133  127  118  108   99   92   86   79   72   65   62   62   65   70
   76   82   91  106  126  147  169  193  221
     5.0-180.0 180.0   5.0 450.0                            LAT/LON1/LON2/DLON/H
  228  261  302  350  399  438  459  469  471  465  452  435  422  415  404  380
  349  324  310  303  301  306  321  340  352  356  356  355  355  349  335  312
  288  266  245  226  210  199  194  197  203  203  188  164  142  128  123  127
  132  136  135  129  119  110  102   95   87   79   71   65   62   63   67   73
   79   85   94  109  128  149  173  199  228
     2.5-180.0 180.0   5.0 450.0                            LAT/LON1/LON2/DLON/H
  233  264  300  342  386  419  432  434  432  430  423  415  411  415  414  396
  367  341  326  320  320  327  342  359  366  365  360  357  356  353  343  323
  302  282  264  247  231  220  214  215  219  217  199  175  153  138  131  131
  135  137  136  130  121  113  107   99   90   81   73   67   64   65   70   76
   83   89   97  112  130  152  176  203  233
