tests/data/ionosphere_files/jplg0030.22i
     1.0            IONOSPHERE MAPS     GPS                 IONEX VERSION / TYPE
GIM V3.0            JPL - GNISD         06-jan-2022 02:36   PGM / RUN BY / DATE 
JPL'S GLOBAL IONOSPHERE MAPS YEAR 2022 DAY 003              COMMENT             
Global Ionospheric Maps (GIM) are generated on an hourly    DESCRIPTION         
and daily basis at JPL using data from up to 100 GPS sites  DESCRIPTION         
of the IGS and others institutions.                         DESCRIPTION         
The vertical TEC is modeled in a solar-geomagnetic          DESCRIPTION         
reference frame using bi-cubic splines on a spherical grid. DESCRIPTION         
A Kalman filter is used to solve simultaneously for         DESCRIPTION         
instrumental biases and VTEC on the grid (as stochastic     DESCRIPTION         
parameters).                                                DESCRIPTION         
Contact Address:  gpsiono@cobra.jpl.nasa.gov .              DESCRIPTION         
  2022     1     3     0     0     0                        EPOCH OF FIRST MAP  
  2022     1     4     0     0     0                        EPOCH OF LAST MAP   
  7200                                                      INTERVAL            
    13                                                      # OF MAPS IN FILE   
  NONE                                                      MAPPING FUNCTION    
    10.0                                                    ELEVATION CUTOFF    
One-way carrier phase leveled to code                       OBSERVABLES USED    
   170                                                      # OF STATIONS       
    31                                                      # OF SATELLITES     
  6371.0                                                    BASE RADIUS         
     2                                                      MAP DIMENSION       
   450.0 450.0   0.0                                        HGT1 / HGT2 / DHGT  
    87.5 -87.5  -2.5                                        LAT1 / LAT2 / DLAT  
  -180.0 180.0   5.0                                        LON1 / LON2 / DLON  
    -1                                                      EXPONENT            
TEC/RMS values in 0.1 TECU; 9999, if no value available     COMMENT             
                                                            END OF HEADER       
[from data line 4719]
    12                                                      START OF TEC MAP    
  2022     1     3    22     0     0                        EPOCH OF CURRENT MAP
    87.5-180.0 180.0   5.0 450.0                            LAT/LON1/LON2/DLON/H
   53   53   54   54   54   54   55   55   55   54   54   54   53   53   52   52
   51   50   50   49   48   47   46   45   45   44   43   42   41   41   40   39
   39   38   38   37   37   36   36   36   36   35   35   35   35   35   35   35
   36   36   36   37   37   38   38   39   40   40   41   42   43   44   45   46
   47   48   48   49   50   51   52   52   53
    85.0-180.0 180.0   5.0 450.0                            LAT/LON1/LON2/DLON/H
   59   60   61   62   62   63   63   63   63   63   63   62   61   60   59   58
   57   55   54   52   51   49   47   46   44   43   41   40   39   38   37   36
   35   35   34   34   33   33   32   32   31   31   31   30   30   30   30   30
   30   30   30   30   31   32   33   34   35   36   38   39   41   43   45   46
   48   50   51   53   55   56   57   58   59
    82.5-180.0 180.0   5.0 450.0                            LAT/LON1/LON2/DLON/H
   62   64   65   66   68   69   69   70   70   70   70   69   68   66   65   63
   61   58   56   54   52   49   47   45   43   42   40   39   38   37   36   35
   34   33   33   32   32   32   32   31   31   31   30   30   29   29   28   27
   27   26   26   26   26   26   27   28   30   32   34   36   38   40   43   45
   48   50   52   54   56   58   59   61   62
    80.0-180.0 180.0   5.0 450.0                            LAT/LON1/LON2/DLON/H
   63   65   67   69   71   72   74   75   76   77   76   75   74   71   69   66
   63   60   56   53   51   48   46   44   42   40   39   38   37   36   35   34
   33   33   32   32   32   32   33   33   33   33   33   32   31   30   29   28
   26   25   24   23   22   22   22   23   25   26   29   31   34   36   39   42
   45   47   50   52   54   57   59   61   63
    77.5-180.0 180.0   5.0 450.0                            LAT/LON1/LON2/DLON/H
   62   64   67   70   73   76   79   81   82   83   82   81   79   75   72   67
   63   58   54   50   47   44   42   41   39   38   38   37   36   36   35   34
   34   33   33   33   33   34   34   35   36   36   36   36   35   33   32   29
   27   25   22   20   19   18   18   18   19   21   23   25   28   30   33   36
   39   42   45   48   51   54   56   59   62
    75.0-180.0 180.0   5.0 450.0                            LAT/LON1/LON2/DLON/H
   60   64   68   72   76   80   83   86   88   89   88   86   82   78   73   67
   61   56   51   46   42   40   38   37   36   36   36   36   36   36   35   35
   34   34   34   34   34   35   36   37   38   38   39   39   38   36   34   31
   28   25   22   19   16   15   14   14   15   16   17   19   21   23   26   29
   32   36   39   43   47   50   54   57   60
    72.5-180.0 180.0   5.0 450.0                            LAT/LON1/LON2/DLON/H
   61   65   70   74   79   84   88   92   94   94   93   90   86   81   74   67
   60   54   48   42   38   35   33   32   33   33   34   34   35   35   35   35
   34   34   34   35   35   36   37   38   39   40   40   40   39   38   36   32
   29   25   21   17   15   12   11   11   11   12   12   14   15   17   19   21
   25   29   33   38   43   48   52   56   61
    70.0-180.0 180.0   5.0 450.0                            LAT/LON1/LON2/DLON/H
   63   67   73   78   83   89   94   97   99  100   98   95   91   85   78   70
   62   54   47   41   36   32   30   29   30   31   32   33   33   33   33   33
   33   33   34   34   35   36   37   38   39   39   39   39   39   38   36   33
   29   25   21   17   14   11   10    9    9    9   10   10   10   11   13   15
   18   23   29   35   41   47   53   58   63
    67.5-180.0 180.0   5.0 450.0                            LAT/LON1/LON2/DLON/H
   66   72   77   83   88   94   99  103  105  106  105  102   97   91   84   76
   68   60   52   45   38   33   29   28   28   29   30   31   31   31   31   31
   31   32   32   33   34   35   36   37   37   37   37   37   37   36   35   32
   29   25   21   17   14   12   11   10   10   10   10   10    9    9    9   11
   14   19   26   33   41   48   55   61   66
    65.0-180.0 180.0   5.0 450.0                            LAT/LON1/LON2/DLON/H
   72   77   82   88   94   99  105  109  112  114  113  111  106  100   93   85
   77   69   61   53   45   38   33   30   29   29   29   29   29   29   29   29
   29   30   31   32   33   34   35   35   35   35   35   35   35   35   34   32
   29   25   22   19   16   14   14   13   14   14   14   13   12   10    9   10
   12   18   25   33   42   51   59   66   72
    62.5-180.0 180.0   5.0 450.0                            LAT/LON1/LON2/DLON/H
   79   84   89   94  100  105  111  116  120  123  123  120  116  110  104   96
   89   81   73   65   55   47   39   34   32   30   30   29   29   28   28   28
   28   28   29   30   32   33   34   34   35   34   34   34   35   34   34   32
   30   27   24   22   20   19   18   19   19   20   20   19   17   15   13   12
   14   19   26   35   46   56   65   73   79
    60.0-180.0 180.0   5.0 450.0                            LAT/LON1/LON2/DLON/H
   88   93   97  102  107  113  119  125  129  132  133  130  126  120  114  107
  100   93   86   77   67   57   48   40   36   33   32   31   30   29   29   28
   28   28   29   30   32   33   35   36   36   37   37   37   36   36   35   34
   31   29   27   26   25   24   24   25   26   27   28   27   24   21   18   16
   17   22   29   39   51   62   73   82   88
    57.5-180.0 180.0   5.0 450.0                            LAT/LON1/LON2/DLON/H
   99  103  107  111  115  121  127  134  139  143  143  140  136  129  122  116
  109  103   97   88   78   67   57   48   41   37   35   34   34   33   32   31
   31   30   31   31   33   35   38   40   42   43   43   42   41   40   38   36
   35   33   32   31   31   31   31   32   33   35   35   34   31   27   23   21
   22   27   34   44   57   70   82   92   99
    55.0-180.0 180.0   5.0 450.0                            LAT/LON1/LON2/DLON/H
  110  115  118  121  125  131  137  144  150  153  153  150  144  137  129  121
  115  110  104   97   87   76   65   55   46   41   39   39   39   39   38   37
   35   34   34   35   37   40   44   48   51   53   52   51   48   46   43   41
   39   38   38   38   38   38   38   39   40   40   41   40   37   33   29   27
   28   32   40   50   63   78   91  103  110
    52.5-180.0 180.0   5.0 450.0                            LAT/LON1/LON2/DLON/H
  121  127  131  134  138  142  148  155  161  164  163  159  152  143  134  125
  118  113  108  102   94   84   73   61   51   45   43   44   46   46   45   43
   41   40   40   41   44   48   53   58   62   64   64   61   57   53   49   46
   45   44   45   45   45   45   45   45   45   45   45   43   41   37   34   32
   34   39   47   57   70   85  100  112  121
    50.0-180.0 180.0   5.0 450.0                            LAT/LON1/LON2/DLON/H
  131  140  145  149  152  156  160  166  171  174  173  168  160  150  139  129
  121  116  112  107  100   91   80   68   57   50   48   50   53   53   52   49
   47   46   46   49   53   58   63   69   74   76   75   71   65   60   56   53
   52   52   53   53   53   53   52   50   49   48   47   46   43   40   38   38
   41   47   55   64   76   91  106  120  131
    47.5-180.0 180.0   5.0 450.0                            LAT/LON1/LON2/DLON/H
  141  154  163  168  169  170  173  176  180  182  181  177  168  157  145  134
  126  121  117  113  106   98   87   75   63   55   54   56   59   59   57   54
   52   52   54   58   62   68   74   80   84   86   84   79   73   67   62   60
   59   60   61   61   61   60   57   55   53   51   50   48   46   43   43   44
   49   56   63   71   82   95  111  127  141
    45.0-180.0 180.0   5.0 450.0                            LAT/LON1/LON2/DLON/H
  151  169  182  189  189  186  184  184  186  188  188  184  176  165  153  142
  135  129  125  120  114  105   94   82   70   62   60   62   64   64   61   58
   56   57   61   66   72   77   82   87   91   92   89   84   78   72   68   66
   66   67   69   69   68   65   62   59   56   54   52   51   49   47   47   51
   57   65   72   78   87   99  114  132  151
    42.5-180.0 180.0   5.0 450.0                            LAT/LON1/LON2/DLON/H
  160  184  202  211  209  202  194  189  188  190  190  188  182  172  162  153
  146  141  137  131  124  114  103   90   79   71   68   68   69   67   64   61
   60   62   68   74   80   85   89   92   94   94   92   87   82   77   74   72
   73   74   75   75   73   70   66   61   58   56   55   54   52   51   53   58
   66   74   81   86   92  102  117  136  160
    40.0-180.0 180.0   5.0 450.0                            LAT/LON1/LON2/DLON/H
  167  196  219  229  226  216  202  191  186  186  188  188  185  178  171  164
  159  155  151  144  135  123  111   98   88   80   76   75   73   71   67   64
   64   67   73   81   87   91   93   94   95   95   92   89   85   81   79   78
   79   80   80   79   76   72   68   63   60   59   59   58   56   56   58   65
   75   83   90   93   98  105  119  140  167
    37.5-180.0 180.0   5.0 450.0                            LAT/LON1/LON2/DLON/H
  171  203  229  242  239  226  208  191  180  178  181  184  184  181  178  174
  172  169  165  158  146  132  118  105   95   88   84   81   79   76   71   68
   68   72   78   86   92   94   95   95   95   95   93   90   87   85   83   83
   83   84   83   81   78   74   69   64   61   61   61   62   60   60   64   72
   83   92   98  101  104  110  122  142  171
    35.0-180.0 180.0   5.0 450.0                            LAT/LON1/LON2/DLON/H
  171  203  230  244  244  232  212  191  176  171  172  176  180  181  182  182
  182  181  178  170  157  140  123  110  100   93   90   88   86   83   79   75
   75   78   84   90   95   97   97   96   96   95   94   92   90   88   87   87
   87   87   85   82   79   74   69   65   62   62   64   64   63   64   69   79
   91  101  106  109  110  115  125  144  171
    32.5-180.0 180.0   5.0 450.0                            LAT/LON1/LON2/DLON/H
  170  197  223  238  242  234  217  196  178  168  167  170  175  179  183  187
  190  191  188  181  165  145  126  111  101   95   94   94   94   92   89   85
   85   87   91   95   99  100   99   98   98   98   97   95   93   91   90   90
   90   89   87   83   79   74   69   65   63   63   64   65   65   66   73   85
   98  108  113  115  117  121  130  146  170
    30.0-180.0 180.0   5.0 450.0                            LAT/LON1/LON2/DLON/H
  170  192  214  230  238  237  228  210  190  175  168  167  171  177  183  189
  194  197  196  188  172  149  126  109   99   95   96   99  102  103  101   99
   98   99  101  102  102  102  101  102  102  103  102   99   96   93   92   92
   92   91   89   84   79   74   69   65   63   63   64   65   65   68   76   89
  104  114  119  121  123  128  137  151  170
    27.5-180.0 180.0   5.0 450.0                            LAT/LON1/LON2/DLON/H
  174  192  211  227  240  247  246  235  216  195  180  171  171  175  182  190
  196  200  200  193  175  150  125  107   97   95   99  106  112  116  117  116
  116  116  114  110  106  104  104  106  107  108  107  104   99   95   92   93
   94   93   90   85   79   74   69   66   63   62   63   63   64   69   79   94
  109  120  124  125  130  138  148  159  174
    25.0-180.0 180.0   5.0 450.0                            LAT/LON1/LON2/DLON/H
  187  203  220  238  254  268  276  272  254  228  203  184  175  175  180  189
  196  201  202  195  178  152  126  107   97   98  106  116  124  130  134  137
  140  138  132  122  111  107  107  109  112  113  111  108  102   96   92   93
   94   94   91   85   79   74   70   67   64   62   61   62   64   70   82   98
  114  125  128  130  137  149  162  174  187
    22.5-180.0 180.0   5.0 450.0                            LAT/LON1/LON2/DLON/H
  208  227  247  267  286  304  317  318  303  273  237  206  186  178  180  187
  195  200  201  195  178  153  129  112  104  108  118  129  138  144  152  161
  166  164  152  135  118  110  110  112  115  116  115  112  105   97   92   92
   95   95   91   85   79   74   71   68   65   62   61   60   64   72   85  102
  119  130  133  136  147  163  179  193  208
    20.0-180.0 180.0   5.0 450.0                            LAT/LON1/LON2/DLON/H
  234  258  285  313  336  355  369  374  361  328  282  237  204  186  182  186
  193  198  199  193  178  156  136  123  120  126  137  148  154  159  169  183
  193  189  173  150  127  115  113  114  116  118  118  115  108   99   92   93
   95   95   91   84   78   74   72   70   67   63   60   60   64   74   89  107
  125  136  140  144  158  178  198  215  234
    17.5-180.0 180.0   5.0 450.0                            LAT/LON1/LON2/DLON/H
  260  291  326  362  392  412  426  433  426  392  337  278  231  201  188  187
  192  196  197  191  178  161  147  140  142  150  161  169  171  173  184  202
  215  211  192  164  138  122  116  115  116  118  119  117  110  101   94   94
   96   95   90   83   78   74   73   73   70   65   61   61   66   78   94  113
  131  143  149  156  171  194  216  236  260
    15.0-180.0 180.0   5.0 450.0                            LAT/LON1/LON2/DLON/H
  281  318  360  404  440  461  475  489  491  461  400  329  268  225  201  193
  194  196  196  191  181  170  162  162  168  178  187  191  188  185  194  215
  230  227  206  177  150  131  122  117  116  118  119  118  112  104   98   98
   99   96   89   82   77   75   75   76   72   66   62   62   68   81   99  118
  137  151  159  169  185  208  231  254  281
    12.5-180.0 180.0   5.0 450.0                            LAT/LON1/LON2/DLON/H
  294  331  377  426  467  490  507  530  545  525  464  386  315  259  223  205
  200  200  199  196  189  182  181  186  195  206  212  211  203  195  200  220
  237  235  216  189  163  144  131  122  117  117  118  117  113  107  104  103
  102   97   89   81   76   75   77   78   75   68   63   64   71   85  104  123
  142  158  170  182  199  220  243  267  294
    10.0-180.0 180.0   5.0 450.0                            LAT/LON1/LON2/DLON/H
  300  332  373  419  461  487  511  546  577  571  517  440  363  298  250  222
  211  208  208  206  203  200  203  210  221  231  234  228  214  201  201  219
  236  238  223  201  180  162  146  131  121  118  116  115  114  111  109  109
  106   99   90   82   77   76   79   81   77   70   65   66   74   89  108  128
  147  164  179  193  209  229  252  275  300
     7.5-180.0 180.0   5.0 450.0                            LAT/LON1/LON2/DLON/H
  302  325  356  392  426  450  478  526  575  587  548  480  405  335  279  243
  225  221  222  223  223  223  227  235  245  252  250  240  223  206  202  215
  233  239  230  215  199  184  165  144  128  120  115  114  113  114  115  114
  110  103   93   84   79   78   80   83   80   72   66   68   77   93  112  131
  150  168  184  200  216  235  257  280  302
     5.0-180.0 180.0   5.0 450.0                            LAT/LON1/LON2/DLON/H
  301  317  335  357  379  396  422  474  533  564  548  498  433  365  305  263
  242  237  240  245  248  249  253  260  267  268  263  249  230  211  203  213
  231  241  240  232  222  210  189  161  138  123  115  112  113  116  118  118
  115  107   98   89   83   80   82   85   82   73   68   71   80   96  114  133
  151  169  187  202  218  237  260  282  301
     2.5-180.0 180.0   5.0 450.0                            LAT/LON1/LON2/DLON/H
  303  315  322  330  336  341  360  407  468  511  517  489  441  382  325  282
  260  256  262  270  276  278  281  284  285  281  271  255  236  218  209  216
  234  248  252  250  246  235  212  179  149  129  116  112  114  118  121  121
  118  112  104   96   88   84   85   88   84   76   71   74   84   99  117  135
  152  169  186  201  217  235  259  284  303
