tests/data/ionosphere_files/jplg0010.22i
     1.0            IONOSPHERE MAPS     GPS                 IONEX VERSION / TYPE
GIM V3.0            JPL - GNISD         04-jan-2022 02:37   PGM / RUN BY / DATE
JPL'S GLOBAL IONOSPHERE MAPS YEAR 2022 DAY 001              COMMENT
Global Ionospheric Maps (GIM) are generated on an hourly    DESCRIPTION
and daily basis at JPL using data from up to 100 GPS sites  DESCRIPTION
of the IGS and others institutions.                         DESCRIPTION
The vertical TEC is modeled in a solar-geomagnetic          DESCRIPTION
reference frame using bi-cubic splines on a spherical grid. DESCRIPTION
A Kalman filter is used to solve simultaneously for         DESCRIPTION
instrumental biases and VTEC on the grid (as stochastic     DESCRIPTION
parameters).                                                DESCRIPTION
Contact Address:  gpsiono@cobra.jpl.nasa.gov .              DESCRIPTION
  2022     1     1     0     0     0                        EPOCH OF FIRST MAP
  2022     1     2     0     0     0                        EPOCH OF LAST MAP
  7200                                                      INTERVAL
    13                                                      # OF MAPS IN FILE
  NONE                                                      MAPPING FUNCTION
    10.0                                                    ELEVATION CUTOFF
One-way carrier phase leveled to code                       OBSERVABLES USED
   170                                                      # OF STATIONS
    31                                                      # OF SATELLITES
  6371.0                                                    BASE RADIUS
     2                                                      MAP DIMENSION
   450.0 450.0   0.0                                        HGT1 / HGT2 / DHGT
    87.5 -87.5  -2.5                                        LAT1 / LAT2 / DLAT
  -180.0 180.0   5.0                                        LON1 / LON2 / DLON
    -1                                                      EXPONENT
TEC/RMS values in 0.1 TECU; 9999, if no value available     COMMENT
                                                            END OF HEADER
[from data line 4290]
    11                                                      START OF TEC MAP
  2022     1     1    20     0     0                        EPOCH OF CURRENT MAP
    87.5-180.0 180.0   5.0 450.0                            LAT/LON1/LON2/DLON/H
   42   42   43   43   43   43   44   44   44   44   45   45   45   45   45   46
   46   46   46   45   45   45   45   45   45   44   44   44   43   43   43   42
   42   41   41   41   40   40   39   39   39   39   38   38   38   38   38   38
   38   38   38   38   38   38   38   38   38   39   39   39   39   39   40   40
   40   40   41   41   41   41   42   42   42
    85.0-180.0 180.0   5.0 450.0                            LAT/LON1/LON2/DLON/H
   44   44   45   46   46   47   47   48   49   50   50   51   52   52   52   53
   53   53   53   53   52   52   52   51   51   50   50   49   48   47   47   46
   45   44   43   42   42   41   40   39   38   38   37   37   36   36   36   36
   36   36   36   36   37   37   37   38   38   39   39   39   40   40   41   41
   41   42   42   42   43   43   43   44   44
    82.5-180.0 180.0   5.0 450.0                            LAT/LON1/LON2/DLON/H
   45   45   46   47   48   49   51   52   54   55   57   58   59   60   61   61
   61   61   61   60   60   59   58   58   57   56   55   54   54   53   52   51
   50   49   47   46   44   43   42   40   39   38   37   36   35   34   34   34
   34   34   35   35   36   36   37   38   38   39   40   40   41   41   42   42
   43   43   43   43   44   44   44   44   45
    80.0-180.0 180.0   5.0 450.0                            LAT/LON1/LON2/DLON/H
   44   45   46   47   48   50   53   55   58   60   63   65   67   69   70   70
   70   70   69   68   66   65   64   62   61   60   60   59   58   57   57   56
   55   53   52   50   49   47   44   42   40   38   37   35   34   33   33   32
   33   33   33   34   35   35   36   37   38   39   40   40   41   42   42   43
   43   43   43   43   43   43   43   44   44
    77.5-180.0 180.0   5.0 450.0                            LAT/LON1/LON2/DLON/H
   41   42   43   45   47   50   53   56   60   64   68   72   75   77   79   79
   78   77   75   73   70   68   65   64   62   61   61   60   59   59   59   58
   57   56   55   54   52   50   47   45   42   40   37   35   33   32   31   31
   31   31   32   32   33   34   34   35   36   37   38   38   39   40   40   41
   41   42   42   42   41   41   41   41   41
    75.0-180.0 180.0   5.0 450.0                            LAT/LON1/LON2/DLON/H
   38   39   40   42   45   48   52   57   62   68   74   79   84   87   88   88
   87   84   80   76   71   67   64   62   60   59   58   58   57   57   57   56
   56   55   54   53   52   51   48   46   43   40   37   35   33   31   30   29
   29   29   30   30   30   31   31   32   32   33   33   34   35   36   36   37
   37   38   38   38   38   38   38   38   38
    72.5-180.0 180.0   5.0 450.0                            LAT/LON1/LON2/DLON/H
   36   37   38   40   43   47   52   58   65   72   80   87   93   97   99   98
   95   90   84   78   71   66   62   58   55   54   53   53   53   53   53   52
   51   51   50   50   49   49   47   45   43   40   37   34   32   30   29   28
   28   28   27   27   27   27   27   27   28   28   29   29   30   31   31   32
   33   33   33   34   34   34   35   35   36
    70.0-180.0 180.0   5.0 450.0                            LAT/LON1/LON2/DLON/H
   35   37   39   42   45   49   54   61   69   79   88   97  104  109  111  109
  105   98   90   81   73   66   61   56   52   49   47   47   47   47   46   46
   45   44   44   44   44   44   43   42   40   38   35   33   30   29   28   27
   26   26   26   25   25   24   24   23   23   24   24   24   25   26   26   27
   28   29   29   30   31   31   32   34   35
    67.5-180.0 180.0   5.0 450.0                            LAT/LON1/LON2/DLON/H
   37   40   44   48   51   55   60   67   76   87   98  108  117  122  124  122
  117  109   98   87   77   69   63   56   50   45   42   41   40   40   40   39
   38   37   37   37   38   38   38   38   36   34   32   30   29   28   27   26
   25   25   24   23   22   21   21   20   20   20   21   21   22   23   23   24
   25   26   27   28   29   30   32   34   37
    65.0-180.0 180.0   5.0 450.0                            LAT/LON1/LON2/DLON/H
   42   47   52   57   61   65   70   76   85   96  108  119  129  136  138  137
  131  122  110   98   87   78   70   62   54   46   40   37   35   34   34   33
   32   31   31   31   32   33   33   33   32   31   30   29   28   27   26   26
   25   24   23   21   20   19   19   18   19   19   20   21   22   22   23   23
   24   25   26   27   29   31   34   37   42
    62.5-180.0 180.0   5.0 450.0                            LAT/LON1/LON2/DLON/H
   48   55   62   68   73   77   81   87   95  105  116  129  139  148  152  152
  146  136  124  111  100   91   82   72   61   50   42   36   33   31   30   29
   28   28   27   28   29   29   30   30   30   29   29   29   28   28   27   26
   25   23   22   20   19   18   18   18   19   20   22   23   24   24   24   25
   25   26   27   29   31   33   37   42   48
    60.0-180.0 180.0   5.0 450.0                            LAT/LON1/LON2/DLON/H
   55   64   73   81   87   91   94   98  104  113  123  135  147  157  163  164
  159  150  138  126  115  105   96   85   72   59   48   40   34   31   30   29
   28   28   28   28   29   29   30   30   31   31   32   32   32   31   30   28
   26   24   22   20   19   19   19   20   21   23   25   27   27   28   28   28
   29   29   31   32   34   36   41   47   55
    57.5-180.0 180.0   5.0 450.0                            LAT/LON1/LON2/DLON/H
   61   72   83   93  100  105  107  110  114  120  129  139  151  162  170  173
  170  162  151  140  129  120  110   99   85   71   58   48   41   36   34   33
   32   32   32   32   32   33   34   35   36   38   39   40   39   37   35   32
   29   27   24   22   21   21   22   23   25   28   30   32   32   33   33   32
   33   33   35   36   38   40   45   52   61
    55.0-180.0 180.0   5.0 450.0                            LAT/LON1/LON2/DLON/H
   68   80   93  105  114  119  122  123  124  127  133  142  153  165  174  178
  177  171  161  151  142  133  123  112   99   85   72   61   52   45   41   39
   38   38   38   38   39   40   42   44   47   49   50   50   49   46   42   39
   35   32   29   27   26   26   27   29   31   33   36   37   38   38   38   37
   37   38   39   40   41   44   49   57   68
    52.5-180.0 180.0   5.0 450.0                            LAT/LON1/LON2/DLON/H
   74   88  102  116  127  134  137  137  136  136  138  144  154  165  175  180
  180  176  169  160  151  143  134  124  112  101   89   78   67   57   51   47
   46   46   46   47   48   50   54   57   61   63   64   63   60   56   51   47
   43   40   38   36   35   34   35   36   38   40   42   44   44   44   43   42
   41   42   42   43   44   47   53   62   74
    50.0-180.0 180.0   5.0 450.0                            LAT/LON1/LON2/DLON/H
   80   95  111  126  139  148  153  153  151  147  145  147  155  165  174  180
  182  180  174  167  159  151  144  135  126  116  106   95   82   70   61   56
   54   54   55   57   59   62   67   71   75   78   78   75   71   66   61   57
   54   51   49   47   45   44   44   44   46   47   49   50   50   49   48   46
   45   45   45   46   47   50   57   67   80
    47.5-180.0 180.0   5.0 450.0                            LAT/LON1/LON2/DLON/H
   87  102  119  135  150  162  168  169  166  159  154  152  157  165  174  180
  182  182  178  172  166  160  153  146  138  131  122  110   95   81   69   62
   60   61   63   66   70   74   79   84   88   90   90   86   80   74   70   67
   65   63   60   58   56   55   53   53   53   54   55   56   56   55   52   50
   49   48   48   48   49   52   60   72   87
    45.0-180.0 180.0   5.0 450.0                            LAT/LON1/LON2/DLON/H
   93  109  126  142  158  172  181  185  182  173  164  159  160  166  173  179
  182  183  182  178  174  169  163  157  150  143  134  121  105   88   75   67
   65   67   71   76   80   85   89   93   97   99   98   93   87   81   78   76
   75   73   71   69   66   64   62   60   60   60   61   62   62   60   57   54
   52   51   50   50   51   55   64   78   93
    42.5-180.0 180.0   5.0 450.0                            LAT/LON1/LON2/DLON/H
  101  116  131  147  164  179  192  199  198  189  177  168  167  169  174  179
  182  184  185  184  183  180  175  169  162  154  143  129  110   92   79   72
   70   73   79   84   89   92   95   98  101  103  102   98   91   86   84   83
   83   82   80   77   74   71   68   66   65   65   66   67   67   64   61   58
   56   54   53   52   53   59   69   84  101
    40.0-180.0 180.0   5.0 450.0                            LAT/LON1/LON2/DLON/H
  108  123  137  151  167  183  199  211  214  206  192  181  176  176  178  181
  183  186  189  191  192  191  187  180  171  161  149  133  114   96   83   77
   77   82   87   93   96   97   98  100  102  104  104  100   94   89   88   89
   89   87   84   81   79   75   72   69   68   68   70   71   71   68   65   61
   59   58   57   56   57   63   75   92  108
    37.5-180.0 180.0   5.0 450.0                            LAT/LON1/LON2/DLON/H
  116  130  142  155  169  185  204  221  228  223  210  197  190  187  186  186
  187  189  192  197  200  201  197  189  178  166  152  136  117  101   90   86
   88   93   98  101  102  101  100  100  101  103  103  100   95   91   91   92
   91   88   85   83   80   77   74   71   70   70   72   74   74   72   68   64
   62   61   60   59   62   69   83  100  116
    35.0-180.0 180.0   5.0 450.0                            LAT/LON1/LON2/DLON/H
  125  138  148  158  170  186  206  227  240  238  227  216  207  202  198  195
  194  194  197  202  207  208  203  193  181  168  153  138  122  109  102  100
  103  107  110  111  110  107  104  101  100  101  102   99   94   92   92   93
   91   87   84   82   79   76   73   71   70   70   73   75   76   74   70   66
   65   64   64   64   67   77   92  109  125
    32.5-180.0 180.0   5.0 450.0                            LAT/LON1/LON2/DLON/H
  135  147  156  163  172  185  206  229  246  249  242  233  226  220  214  208
  203  200  201  205  209  209  202  191  178  165  153  140  129  121  118  119
  121  123  124  123  121  117  112  105  101  100  100   98   94   93   93   93
   90   85   81   79   77   74   71   69   68   69   72   75   76   74   71   68
   67   67   67   68   74   85  101  119  135
    30.0-180.0 180.0   5.0 450.0                            LAT/LON1/LON2/DLON/H
  144  156  164  170  175  184  201  225  244  252  250  246  242  238  231  223
  214  206  204  206  208  205  195  183  171  161  153  146  141  139  140  141
  142  141  139  136  135  133  126  114  105  101  100   98   95   94   94   93
   89   82   78   75   73   70   68   66   65   66   70   74   76   74   71   69
   69   69   70   73   80   94  111  129  144
    27.5-180.0 180.0   5.0 450.0                            LAT/LON1/LON2/DLON/H
  153  166  175  180  182  186  198  217  235  245  249  252  254  252  246  236
  223  211  205  205  205  198  186  175  166  161  158  158  160  164  168  169
  165  158  153  150  152  152  143  126  112  104  102  100   99   98   96   93
   87   80   74   71   68   66   64   62   62   63   68   72   74   73   71   70
   70   71   72   77   88  103  120  138  153
    25.0-180.0 180.0   5.0 450.0                            LAT/LON1/LON2/DLON/H
  163  176  188  195  196  195  200  212  225  234  240  249  258  261  256  245
  229  213  205  203  200  191  179  171  168  169  173  180  189  197  203  200
  189  175  165  163  168  171  161  139  119  110  108  107  106  104  100   94
   87   79   73   68   65   63   61   59   59   61   65   70   71   71   70   69
   70   71   74   82   95  112  130  147  163
    22.5-180.0 180.0   5.0 450.0                            LAT/LON1/LON2/DLON/H
  172  188  205  217  220  217  215  218  223  227  233  245  258  264  260  248
  229  212  202  199  195  186  177  176  183  192  203  217  230  242  245  235
  212  190  176  173  180  186  175  150  127  117  117  118  117  112  105   97
   88   81   74   69   64   61   60   59   58   60   64   67   69   68   67   68
   69   71   76   86  102  121  139  156  172
    20.0-180.0 180.0   5.0 450.0                            LAT/LON1/LON2/DLON/H
  182  201  225  246  256  255  250  244  239  234  235  246  261  268  263  249
  227  207  197  195  192  185  184  195  213  231  249  267  282  292  290  269
  235  202  184  179  186  192  181  155  132  125  128  131  128  120  111  102
   94   87   80   73   67   63   62   61   60   61   63   66   67   66   65   65
   67   70   77   91  110  130  148  165  182
    17.5-180.0 180.0   5.0 450.0                            LAT/LON1/LON2/DLON/H
  193  216  247  279  299  306  303  295  280  263  253  258  271  277  270  252
  228  206  195  194  193  191  201  225  255  281  303  322  335  340  330  298
  253  212  189  181  184  188  177  154  135  131  137  141  137  128  118  110
  103   98   91   82   74   68   66   64   63   63   64   65   64   63   62   62
   64   69   79   95  117  138  158  175  193
    15.0-180.0 180.0   5.0 450.0                            LAT/LON1/LON2/DLON/H
  207  234  271  312  344  361  366  359  341  314  292  288  294  295  285  264
  236  211  199  198  200  205  225  262  301  332  355  372  382  380  360  318
  263  217  192  179  177  177  167  149  136  136  143  147  142  132  124  120
  117  112  104   93   82   75   72   69   67   66   65   65   63   61   59   60
   62   68   80  100  124  147  168  187  207
    12.5-180.0 180.0   5.0 450.0                            LAT/LON1/LON2/DLON/H
  222  252  294  341  382  410  425  425  407  374  345  332  330  327  313  289
  258  229  213  211  215  227  256  302  346  377  397  409  412  401  372  322
  263  219  194  179  169  165  157  144  137  139  145  146  140  133  130  131
  131  128  118  105   91   82   77   74   71   68   66   64   62   60   58   58
   61   68   81  104  130  155  178  199  222
    10.0-180.0 180.0   5.0 450.0                            LAT/LON1/LON2/DLON/H
  238  270  313  362  408  444  468  476  462  430  397  379  373  366  352  328
  295  262  239  234  240  258  293  341  383  407  420  425  420  403  368  315
  259  222  201  183  168  158  151  143  139  141  143  140  134  131  134  141
  145  142  130  114   99   88   82   78   73   69   66   65   63   61   59   58
   61   68   83  107  135  162  187  211  238
     7.5-180.0 180.0   5.0 450.0                            LAT/LON1/LON2/DLON/H
  252  286  327  373  418  456  484  499  493  467  437  419  412  405  394  372
  341  304  275  265  274  297  333  376  409  423  426  423  413  392  356  305
  257  229  215  197  177  164  155  148  145  144  140  133  128  129  137  149
  155  151  138  121  104   92   86   81   75   70   67   65   65   64   62   61
   63   70   85  110  139  167  194  222  252
     5.0-180.0 180.0   5.0 450.0                            LAT/LON1/LON2/DLON/H
  263  298  337  377  417  451  476  491  490  474  453  442  439  436  429  413
  386  349  315  302  313  338  372  407  427  428  423  414  400  379  346  302
  266  249  240  223  200  182  169  160  154  149  140  130  126  131  142  155
  161  156  142  124  107   96   90   84   77   71   68   68   68   68   67   66
   67   74   88  111  140  169  197  229  263
     2.5-180.0 180.0   5.0 450.0                            LAT/LON1/LON2/DLON/H
  268  305  341  376  408  435  453  464  464  455  445  443  446  450  451  442
  421  387  352  338  351  378  408  432  439  429  416  404  391  373  348  316
  292  284  278  260  233  208  189  174  165  156  145  134  132  138  149  160
  164  157  142  125  110  100   94   88   80   74   72   72   74   75   74   73
   73   78   91  113  140  168  198  231  268
