tests/data/ionosphere_files/jplg0010.22i
     1.0            IONOSPHERE MAPS     GPS                 IONEX VERSION / TYPE
GIM V3.0            JPL - GNISD         04-jan-2022 02:37   PGM / RUN BY / DATE
JPL'S GLOBAL IONOSPHERE MAPS YEAR 2022 DAY 001              COMMENT
Global Ionospheric Maps (GIM) are generated on an hourly    DESCRIPTION
and daily basis at JPL using data from up to 100 GPS sites  DESCRIPTION
of the IGS and others institutions.                         DESCRIPTION
The vertical TEC is modeled in a solar-geomagnetic          DESCRIPTION
reference frame using bi-cubic splines on a spherical grid. DESCRIPTION
A Kalman filter is used to solve simultaneously for         DESCRIPTION
instrumental biases and VTEC on the grid (as stochastic     DESCRIPTION
parameters).                                                DESCRIPTION
Contact Address:  gpsiono@cobra.jpl.nasa.gov .              DESCRIPTION
  2022     1     1     0     0     0                        EPOCH OF FIRST MAP
  2022     1     2     0     0     0                        EPOCH OF LAST MAP
  7200                                                      INTERVAL
    13                                                      # OF MAPS IN FILE
  NONE                                                      MAPPING FUNCTION
    10.0                                                    ELEVATION CUTOFF
One-way carrier phase leveled to code                       OBSERVABLES USED
   170                                                      # OF STATIONS
    31                                                      # OF SATELLITES
  6371.0                                                    BASE RADIUS
     2                                                      MAP DIMENSION
   450.0 450.0   0.0                                        HGT1 / HGT2 / DHGT
    87.5 -87.5  -2.5                                        LAT1 / LAT2 / DLAT
  -180.0 180.0   5.0                                        LON1 / LON2 / DLON
    -1                                                      EXPONENT
TEC/RMS values in 0.1 TECU; 9999, if no value available     COMMENT
                                                            END OF HEADER
[from data line 3432]
     9                                                      START OF TEC MAP
  2022     1     1    16     0     0                        EPOCH OF CURRENT MAP
    87.5-180.0 180.0   5.0 450.0                            LAT/LON1/LON2/DLON/H
   39   39   39   39   38   38   38   38   38   38   38   38   38   38   38   38
   38   38   38   38   38   38   38   38   37   37   37   37   37   37   36   36
   36   36   36   35   35   35   35   35   35   35   35   35   35   35   35   35
   35   35   36   36   36   36   36   37   37   37   37   38   38   38   38   38
   38   39   39   39   39   39   39   39   39
    85.0-180.0 180.0   5.0 450.0                            LAT/LON1/LON2/DLON/H
   41   40   40   40   39   39   39   39   38   38   38   38   39   39   39   39
   40   40   40   40   40   40   40   40   40   39   39   38   38   37   37   36
   36   35   35   34   34   33   33   33   33   33   33   33   33   33   33   34
   34   34   35   35   35   36   36   37   37   38   38   39   39   40   40   41
   41   41   41   42   42   41   41   41   41
    82.5-180.0 180.0   5.0 450.0                            LAT/LON1/LON2/DLON/H
   43   42   41   40   39   38   38   37   37   37   37   38   38   39   40   41
   42   42   43   43   44   44   44   43   43   42   41   40   39   38   37   36
   35   34   33   32   32   31   31   31   31   31   31   31   31   31   32   32
   33   33   34   34   35   35   36   37   37   38   39   40   41   41   42   43
   44   44   44   45   45   44   44   43   43
    80.0-180.0 180.0   5.0 450.0                            LAT/LON1/LON2/DLON/H
   44   42   41   40   38   37   37   36   36   36   37   38   39   40   41   43
   45   46   47   48   49   49   49   49   48   46   45   43   41   39   38   36
   34   33   32   31   30   29   29   29   29   29   29   29   30   30   31   31
   32   32   33   34   34   35   35   36   37   38   38   39   40   42   43   44
   45   46   47   47   47   47   46   45   44
    77.5-180.0 180.0   5.0 450.0                            LAT/LON1/LON2/DLON/H
   44   42   41   39   38   37   36   36   36   36   37   38   40   42   44   46
   49   51   53   54   55   56   56   55   53   51   49   46   44   41   39   36
   34   32   31   30   29   28   28   28   28   28   28   28   29   29   30   30
   31   32   32   33   33   34   34   35   35   35   36   37   38   39   41   42
   44   46   47   48   48   48   47   45   44
    75.0-180.0 180.0   5.0 450.0                            LAT/LON1/LON2/DLON/H
   43   42   40   39   38   37   37   37   37   37   38   40   42   44   47   50
   53   56   59   62   63   64   64   63   61   58   55   51   48   44   41   38
   36   34   32   31   30   29   28   28   28   28   28   28   28   29   29   30
   30   31   31   32   32   32   32   32   32   32   32   32   33   34   36   38
   41   43   45   46   47   47   46   45   43
    72.5-180.0 180.0   5.0 450.0                            LAT/LON1/LON2/DLON/H
   41   40   39   38   38   38   38   38   38   39   39   41   43   45   49   53
   57   62   66   69   72   73   73   72   69   66   62   58   53   49   45   42
   39   37   35   33   32   31   30   29   28   28   28   28   28   29   29   30
   30   30   30   31   31   30   30   29   29   28   27   27   27   28   30   33
   36   39   42   44   45   44   44   42   41
    70.0-180.0 180.0   5.0 450.0                            LAT/LON1/LON2/DLON/H
   39   38   38   38   38   39   39   39   39   39   40   41   43   46   50   56
   62   67   73   77   80   82   83   82   79   76   72   67   62   57   52   48
   45   42   40   38   36   34   32   31   30   29   29   29   29   29   29   29
   29   29   29   29   29   28   27   26   25   24   22   22   22   23   25   28
   32   35   39   41   42   41   41   40   39
    67.5-180.0 180.0   5.0 450.0                            LAT/LON1/LON2/DLON/H
   37   37   37   38   39   39   40   40   39   39   39   40   43   46   52   58
   65   72   78   84   89   91   93   92   91   88   84   79   73   67   62   57
   52   49   46   43   41   38   36   33   32   31   30   30   29   29   29   29
   29   28   28   27   26   25   25   23   22   21   20   19   18   19   21   25
   29   33   36   38   39   39   38   37   37
    65.0-180.0 180.0   5.0 450.0                            LAT/LON1/LON2/DLON/H
   36   37   38   39   40   40   40   40   39   39   39   40   42   47   53   60
   68   76   84   91   96  100  103  104  103  101   98   93   87   80   73   67
   61   57   53   50   47   43   40   37   34   33   32   31   31   30   29   29
   28   27   26   24   23   22   21   21   20   19   19   18   18   19   21   24
   28   32   36   38   38   38   37   37   36
    62.5-180.0 180.0   5.0 450.0                            LAT/LON1/LON2/DLON/H
   39   40   41   42   42   42   42   41   39   39   39   40   43   47   54   62
   71   80   89   97  104  109  113  115  116  115  112  108  102   94   86   78
   71   66   61   57   53   49   45   41   38   36   35   34   33   32   30   28
   27   25   23   22   20   19   19   19   19   20   20   21   21   22   24   27
   30   34   38   40   40   40   39   39   39
    60.0-180.0 180.0   5.0 450.0                            LAT/LON1/LON2/DLON/H
   45   46   47   48   47   46   44   42   40   39   39   41   44   50   58   66
   76   86   95  104  111  117  122  126  127  128  126  123  117  109  100   90
   81   74   68   64   60   56   52   48   44   42   40   39   37   35   32   29
   26   24   22   20   19   18   17   18   20   22   24   25   26   27   29   31
   34   38   41   43   44   44   44   44   45
    57.5-180.0 180.0   5.0 450.0                            LAT/LON1/LON2/DLON/H
   54   56   57   57   55   53   49   46   43   41   41   43   48   55   63   73
   83   93  103  111  118  125  131  135  138  139  139  136  131  124  114  103
   92   83   76   71   68   64   60   56   53   50   48   46   43   40   35   31
   28   25   23   21   20   19   19   21   23   26   29   31   33   34   35   37
   40   43   46   48   49   50   51   52   54
    55.0-180.0 180.0   5.0 450.0                            LAT/LON1/LON2/DLON/H
   64   67   69   68   66   62   57   52   48   46   46   48   54   62   71   82
   93  103  112  120  126  132  138  143  147  149  149  148  144  137  127  115
  102   92   84   80   76   73   69   66   63   61   58   55   51   46   41   36
   32   29   27   26   25   25   25   26   29   33   36   39   41   42   42   44
   45   48   50   52   54   56   58   61   64
    52.5-180.0 180.0   5.0 450.0                            LAT/LON1/LON2/DLON/H
   73   77   79   80   77   73   66   60   55   52   53   56   62   70   81   93
  104  115  123  129  134  138  144  149  153  156  157  157  155  149  140  127
  113  102   94   89   86   83   81   78   76   73   70   66   61   55   49   44
   40   38   36   36   35   35   34   35   38   41   45   47   49   50   50   50
   51   52   54   56   58   61   64   69   73
    50.0-180.0 180.0   5.0 450.0                            LAT/LON1/LON2/DLON/H
   79   84   87   88   87   82   75   68   63   61   62   65   72   81   91  104
  116  126  134  138  141  145  150  155  159  162  164  164  163  159  150  138
  124  112  104   99   97   95   92   90   88   85   81   77   71   65   59   54
   51   49   49   48   48   47   46   46   47   50   53   55   57   57   57   56
   56   56   56   57   60   63   68   73   79
    47.5-180.0 180.0   5.0 450.0                            LAT/LON1/LON2/DLON/H
   79   84   89   92   92   89   83   76   72   71   73   77   83   91  102  114
  126  136  143  147  150  153  158  162  166  169  170  170  170  167  159  148
  135  124  116  111  108  106  104  102  100   96   92   87   81   75   70   66
   64   62   62   61   61   59   58   56   56   58   60   62   64   64   64   62
   60   58   58   58   60   64   68   74   79
    45.0-180.0 180.0   5.0 450.0                            LAT/LON1/LON2/DLON/H
   75   79   84   89   91   90   86   81   79   82   85   89   94  101  111  122
  134  144  151  155  159  163  168  172  175  176  175  175  175  173  166  157
  145  135  128  123  120  117  114  112  109  105  101   95   90   85   81   78
   76   75   74   73   72   70   67   65   63   64   65   67   68   69   68   66
   63   61   59   59   61   64   67   72   75
    42.5-180.0 180.0   5.0 450.0                            LAT/LON1/LON2/DLON/H
   69   71   74   80   85   86   84   82   85   91   97  102  106  112  119  129
  139  149  156  162  169  175  181  186  187  185  182  180  179  177  172  165
  156  148  141  136  132  127  123  119  116  112  107  102   97   93   91   89
   86   84   82   80   78   75   72   69   67   67   68   69   71   72   71   69
   66   63   61   61   62   64   66   68   69
    40.0-180.0 180.0   5.0 450.0                            LAT/LON1/LON2/DLON/H
   63   61   63   69   75   77   77   80   88   99  109  114  118  122  127  135
  144  153  161  170  179  188  196  200  199  194  188  184  183  181  178  173
  167  161  155  150  143  137  130  125  121  117  113  108  103  100   98   96
   93   90   86   83   80   76   73   71   69   68   69   70   72   73   73   71
   67   65   63   64   65   66   66   65   63
    37.5-180.0 180.0   5.0 450.0                            LAT/LON1/LON2/DLON/H
   58   54   54   58   64   67   69   75   89  106  119  127  130  132  135  141
  148  156  165  176  189  201  209  213  210  202  193  188  186  186  185  182
  179  175  170  164  156  147  138  130  125  122  117  112  108  105  103  101
   97   92   87   83   79   76   73   71   70   69   69   71   73   74   73   71
   69   67   67   68   70   70   68   64   58
    35.0-180.0 180.0   5.0 450.0                            LAT/LON1/LON2/DLON/H
   57   50   48   51   55   58   61   71   90  111  129  138  142  143  144  147
  153  160  170  183  197  210  219  221  217  207  197  190  189  191  193  194
  194  193  188  180  170  159  147  136  129  125  122  117  113  110  108  105
  100   94   87   82   77   75   73   72   71   70   71   72   73   74   73   72
   70   70   71   74   77   76   73   66   57
    32.5-180.0 180.0   5.0 450.0                            LAT/LON1/LON2/DLON/H
   58   49   46   48   50   52   55   68   90  117  137  149  154  155  154  156
  160  167  176  188  202  215  222  222  217  207  197  192  193  198  204  211
  214  214  209  200  188  175  159  144  134  130  127  124  119  117  115  111
  104   96   88   82   78   76   76   76   75   74   74   75   75   75   73   72
   72   73   77   81   84   83   78   69   58
    30.0-180.0 180.0   5.0 450.0                            LAT/LON1/LON2/DLON/H
   61   51   47   48   49   49   53   67   92  121  144  159  165  166  165  166
  169  175  182  193  204  214  218  216  210  202  196  194  199  209  222  234
  240  240  235  224  211  195  175  155  141  136  135  133  130  128  125  120
  111  101   92   85   81   81   82   83   82   81   80   80   79   77   74   73
   74   77   82   88   91   89   83   73   61
    27.5-180.0 180.0   5.0 450.0                            LAT/LON1/LON2/DLON/H
   64   55   50   50   50   50   54   68   94  124  150  167  175  177  177  178
  181  185  190  197  204  209  210  206  201  198  197  200  210  227  248  266
  275  274  266  253  238  220  196  170  152  146  146  146  145  145  143  136
  124  111  100   93   89   89   91   92   92   90   88   87   85   81   76   75
   77   82   88   94   97   95   88   77   64
    25.0-180.0 180.0   5.0 450.0                            LAT/LON1/LON2/DLON/H
   68   58   54   53   53   52   56   71   96  126  153  172  183  188  190  191
  194  196  199  202  204  204  202  198  195  197  203  213  229  255  287  311
  320  316  304  287  269  249  222  191  168  161  162  165  167  169  167  157
  140  124  112  105  101  101  103  105  104  102  100   97   93   87   80   78
   80   86   93  100  102   99   91   80   68
    22.5-180.0 180.0   5.0 450.0                            LAT/LON1/LON2/DLON/H
   70   61   58   56   55   55   60   74   98  128  156  177  191  198  203  206
  209  210  210  208  205  201  196  194  196  204  218  234  258  295  337  366
  373  362  343  321  301  280  252  219  192  183  185  190  194  198  195  181
  160  142  129  121  118  118  119  120  119  118  115  111  104   95   86   83
   85   91   98  104  106  102   94   82   70
    20.0-180.0 180.0   5.0 450.0                            LAT/LON1/LON2/DLON/H
   72   64   60   59   57   58   63   78  101  130  158  181  197  208  216  222
  225  226  222  215  208  201  197  199  207  223  243  265  295  341  392  425
  426  407  380  353  331  311  284  252  224  212  212  217  223  226  222  205
  182  162  150  143  140  138  137  136  136  136  133  127  117  106   96   90
   91   95  102  107  107  103   94   83   72
    17.5-180.0 180.0   5.0 450.0                            LAT/LON1/LON2/DLON/H
   73   66   62   60   59   60   67   82  105  133  162  186  204  218  230  238
  243  243  236  225  214  206  204  212  228  250  275  301  335  387  444  476
  471  443  409  378  356  339  317  288  261  245  241  245  249  251  245  226
  203  185  175  169  165  161  157  153  153  154  152  144  132  118  107   99
   97   99  104  108  107  102   93   83   73
    15.0-180.0 180.0   5.0 450.0                            LAT/LON1/LON2/DLON/H
   72   66   62   60   60   62   71   87  111  139  167  191  211  228  243  255
  261  260  251  238  225  217  219  233  256  282  310  338  373  425  483  512
  499  464  426  395  376  363  347  323  298  279  271  270  270  269  260  242
  221  207  200  196  190  183  175  169  168  170  168  159  145  131  119  109
  103  102  104  106  105   99   91   81   72
    12.5-180.0 180.0   5.0 450.0                            LAT/LON1/LON2/DLON/H
   71   65   62   60   60   64   74   92  117  145  173  198  219  239  257  271
  278  277  268  255  243  236  241  261  288  317  345  370  402  450  501  524
  505  467  431  404  389  381  371  354  332  312  299  292  286  279  268  251
  234  225  221  218  211  202  190  181  179  181  179  170  156  143  130  118
  108  104  104  104  101   95   87   78   71
    10.0-180.0 180.0   5.0 450.0                            LAT/LON1/LON2/DLON/H
   69   64   60   59   60   65   76   97  124  153  180  205  228  249  270  286
  294  294  286  276  267  263  271  294  323  350  374  395  421  459  500  515
  495  460  428  408  398  394  389  378  360  341  324  310  296  282  269  254
  241  236  234  231  224  213  200  189  184  185  183  175  163  152  139  125
  112  105  102  101   97   90   83   76   69
     7.5-180.0 180.0   5.0 450.0                            LAT/LON1/LON2/DLON/H
   67   63   60   58   59   65   79  102  132  161  189  213  236  259  281  300
  309  309  306  301  297  297  307  330  357  380  398  413  430  458  487  495
  476  448  424  409  403  401  398  392  379  362  344  324  302  283  265  251
  241  237  236  233  225  215  203  191  185  183  180  174  167  158  146  131
  115  105  100   97   92   85   79   73   67
     5.0-180.0 180.0   5.0 450.0                            LAT/LON1/LON2/DLON/H
   68   63   60   58   59   66   81  107  139  170  197  222  245  268  292  312
  322  324  325  327  329  333  345  367  390  406  417  424  434  452  471  475
  460  439  423  413  407  403  400  397  389  376  358  334  306  281  260  243
  234  229  227  224  219  212  202  192  184  179  175  172  168  163  152  136
  118  105   98   94   88   82   77   72   68
     2.5-180.0 180.0   5.0 450.0                            LAT/LON1/LON2/DLON/H
   70   66   62   60   61   68   84  113  147  179  206  230  253  277  301  321
  332  336  342  351  359  367  380  399  417  426  430  432  436  447  459  462
  454  441  430  420  410  401  395  393  390  381  366  340  309  279  254  234
  223  217  214  212  211  208  202  194  185  177  172  171  171  167  158  140
  120  106   98   93   86   80   77   74   70
