tests/data/ionosphere_files/jplg0020.22i
     1.0            IONOSPHERE MAPS     GPS                 IONEX VERSION / TYPE
GIM V3.0            JPL - GNISD         05-jan-2022 02:37   PGM / RUN BY / DATE 
JPL'S GLOBAL IONOSPHERE MAPS YEAR 2022 DAY 002              COMMENT             
Global Ionospheric Maps (GIM) are generated on an hourly    DESCRIPTION         
and daily basis at JPL using data from up to 100 GPS sites  DESCRIPTION         
of the IGS and others institutions.                         DESCRIPTION         
The vertical TEC is modeled in a solar-geomagnetic          DESCRIPTION         
reference frame using bi-cubic splines on a spherical grid. DESCRIPTION         
A Kalman filter is used to solve simultaneously for         DESCRIPTION         
instrumental biases and VTEC on the grid (as stochastic     DESCRIPTION         
parameters).                                                DESCRIPTION         
Contact Address:  gpsiono@cobra.jpl.nasa.gov .              DESCRIPTION         
  2022     1     2     0     0     0                        EPOCH OF FIRST MAP  
  2022     1     3     0     0     0                        EPOCH OF LAST MAP   
  7200                                                      INTERVAL            
    13                                                      # OF MAPS IN FILE   
  NONE                                                      MAPPING FUNCTION    
    10.0                                                    ELEVATION CUTOFF    
One-way carrier phase leveled to code                       OBSERVABLES USED    
   170                                                      # OF STATIONS       
    31                                                      # OF SATELLITES     
  6371.0                                                    BASE RADIUS         
     2                                                      MAP DIMENSION       
   450.0 450.0   0.0                                        HGT1 / HGT2 / DHGT  
    87.5 -87.5  -2.5                                        LAT1 / LAT2 / DLAT  
  -180.0 180.0   5.0                                        LON1 / LON2 / DLON  
    -1                                                      EXPONENT            
TEC/RMS values in 0.1 TECU; 9999, if no value available     COMMENT             
                                                            END OF HEADER       
[from data line 4290]
    11                                                      START OF TEC MAP    
  2022     1     2    20     0     0                        EPOCH OF CURRENT MAP
    87.5-180.0 180.0   5.0 450.0                            LAT/LON1/LON2/DLON/H
   46   47   47   47   47   47   48   48   48   48   48   48   49   49   49   49
   48   48   48   48   48   47   47   47   46   46   45   45   44   44   43   43
   42   42   41   41   41   40   40   40   40   40   40   40   40   40   40   40
   40   40   41   41   41   41   42   42   42   43   43   43   43   44   44   44
   45   45   45   45   46   46   46   46   46
    85.0-180.0 180.0   5.0 450.0                            LAT/LON1/LON2/DLON/H
   49   50   50   50   51   51   52   53   53   54   54   55   56   56   56   56
   56   56   56   55   55   54   53   52   51   50   49   48   47   46   45   44
   43   42   41   40   40   39   38   38   38   38   37   38   38   38   38   39
   39   39   40   41   41   42   42   43   44   44   45   45   46   46   47   47
   47   48   48   48   48   49   49   49   49
    82.5-180.0 180.0   5.0 450.0                            LAT/LON1/LON2/DLON/H
   50   51   51   52   53   54   55   57   58   59   61   62   63   64   65   65
   66   65   65   64   63   62   60   59   57   56   54   52   51   49   47   46
   44   43   41   40   39   38   38   37   37   36   36   37   37   37   38   38
   39   39   40   41   42   43   44   44   45   46   47   48   48   49   49   50
   50   50   50   50   50   50   50   50   50
    80.0-180.0 180.0   5.0 450.0                            LAT/LON1/LON2/DLON/H
   49   50   50   51   53   55   57   59   62   64   67   70   72   73   74   75
   75   75   74   73   71   69   67   64   62   60   58   55   53   51   49   47
   45   43   42   40   39   38   37   37   36   36   36   36   36   37   37   38
   39   39   40   41   42   43   44   45   46   47   48   48   49   50   50   50
   51   51   50   50   50   49   49   49   49
    77.5-180.0 180.0   5.0 450.0                            LAT/LON1/LON2/DLON/H
   46   46   47   49   51   53   57   60   64   68   73   76   80   82   84   85
   85   84   82   80   77   74   71   67   64   61   59   56   53   51   49   47
   45   43   42   40   39   38   37   37   36   36   36   36   36   36   37   37
   38   39   39   40   41   41   42   43   44   45   45   46   47   47   48   48
   48   48   48   47   47   46   46   46   46
    75.0-180.0 180.0   5.0 450.0                            LAT/LON1/LON2/DLON/H
   42   42   44   46   48   52   56   61   66   72   77   83   88   91   93   94
   93   91   88   84   80   76   72   67   63   60   57   54   51   49   47   45
   43   42   41   39   39   38   37   36   36   36   35   35   35   35   35   36
   36   36   36   36   37   37   38   38   39   39   40   41   41   42   42   43
   43   43   42   42   42   41   41   41   42
    72.5-180.0 180.0   5.0 450.0                            LAT/LON1/LON2/DLON/H
   38   39   41   44   47   51   56   62   68   75   83   90   96  100  102  102
  100   97   93   87   82   77   71   66   61   56   52   49   46   44   43   41
   40   39   38   38   37   36   36   35   35   35   34   34   34   33   33   33
   32   32   32   32   32   32   32   32   32   33   33   34   35   35   35   36
   36   36   36   36   36   36   36   37   38
    70.0-180.0 180.0   5.0 450.0                            LAT/LON1/LON2/DLON/H
   36   39   42   45   49   53   58   65   72   80   89   97  104  108  110  109
  107  102   97   90   84   78   72   65   59   53   48   44   41   38   37   36
   36   35   35   35   34   34   34   33   33   33   32   32   31   31   30   30
   29   28   28   27   27   26   26   26   26   27   27   27   28   28   29   29
   29   29   29   30   30   31   32   34   36
    67.5-180.0 180.0   5.0 450.0                            LAT/LON1/LON2/DLON/H
   37   42   47   52   56   60   65   71   78   87   96  105  112  116  117  116
  113  108  101   94   87   81   74   66   58   50   43   38   35   32   31   31
   31   31   31   31   30   30   30   30   29   29   29   29   29   28   28   27
   26   25   24   23   22   22   22   21   22   22   22   23   23   23   24   24
   24   25   25   26   27   28   30   33   37
    65.0-180.0 180.0   5.0 450.0                            LAT/LON1/LON2/DLON/H
   42   49   56   62   67   71   75   80   87   95  104  112  119  124  125  124
  120  114  107  100   93   87   79   71   61   50   41   35   30   27   26   26
   27   27   27   26   25   25   25   25   26   26   27   27   27   27   26   25
   24   23   22   21   20   20   19   19   19   20   20   21   21   22   22   23
   23   24   25   26   27   29   32   36   42
    62.5-180.0 180.0   5.0 450.0                            LAT/LON1/LON2/DLON/H
   49   59   68   75   81   85   88   92   97  103  111  119  126  131  134  133
  129  123  116  108  102   95   88   78   66   54   43   35   29   25   24   25
   25   26   25   23   21   20   20   21   22   24   25   26   26   26   26   25
   24   22   21   20   20   19   19   19   20   20   21   22   22   23   24   25
   26   27   28   29   31   33   36   41   49
    60.0-180.0 180.0   5.0 450.0                            LAT/LON1/LON2/DLON/H
   59   70   81   90   96  100  102  104  107  112  118  126  134  140  144  144
  140  134  126  118  111  105   97   88   75   62   49   39   32   28   26   27
   28   28   25   22   18   17   17   19   22   24   26   28   28   28   28   27
   25   24   23   22   22   21   21   21   22   22   23   24   25   27   28   30
   31   33   34   36   37   38   42   49   59
    57.5-180.0 180.0   5.0 450.0                            LAT/LON1/LON2/DLON/H
   69   82   95  106  112  115  116  116  117  120  125  133  142  151  156  158
  154  147  138  130  122  115  108   98   86   73   60   49   41   36   34   34
   35   33   29   24   20   18   19   22   25   29   32   33   33   33   32   30
   29   28   27   26   25   25   25   25   26   26   27   29   30   32   34   36
   38   40   42   43   44   45   49   57   69
    55.0-180.0 180.0   5.0 450.0                            LAT/LON1/LON2/DLON/H
   79   94  109  120  128  131  131  129  128  129  133  140  151  162  170  173
  170  162  152  141  132  124  117  109   98   87   76   65   56   49   45   45
   45   42   37   31   25   23   25   29   34   38   41   41   41   40   38   36
   34   33   32   32   31   31   31   31   31   31   32   34   35   37   39   42
   44   47   49   50   50   52   56   66   79
    52.5-180.0 180.0   5.0 450.0                            LAT/LON1/LON2/DLON/H
   88  105  121  133  142  145  145  142  139  138  140  148  160  174  184  188
  186  178  166  153  141  132  126  119  111  103   95   85   74   65   59   57
   55   52   47   40   35   35   38   42   48   51   53   52   50   48   46   44
   42   41   40   39   39   39   38   38   37   37   38   39   41   43   45   47
   50   52   54   54   55   57   62   73   88
    50.0-180.0 180.0   5.0 450.0                            LAT/LON1/LON2/DLON/H
   96  114  131  144  154  158  159  155  151  148  149  156  168  183  195  200
  199  191  178  164  150  140  134  129  124  119  113  103   92   80   72   68
   65   62   57   51   49   49   53   58   63   66   66   64   61   57   54   52
   51   50   49   48   48   47   46   45   44   43   44   45   46   48   50   52
   54   56   57   57   58   60   67   80   96
    47.5-180.0 180.0   5.0 450.0                            LAT/LON1/LON2/DLON/H
  103  121  138  152  163  169  170  168  164  160  159  164  174  188  201  207
  207  200  188  173  159  149  143  139  136  133  128  118  105   92   81   75
   72   69   66   63   63   65   69   74   78   80   79   75   71   66   63   61
   60   59   58   58   57   56   54   52   50   49   49   50   52   53   55   57
   58   59   59   59   59   62   71   85  103
    45.0-180.0 180.0   5.0 450.0                            LAT/LON1/LON2/DLON/H
  108  126  142  156  168  176  180  180  177  173  170  172  179  190  201  207
  209  205  195  182  169  159  153  150  147  143  137  126  112   97   86   79
   77   75   74   74   76   79   84   87   90   91   90   86   80   75   72   70
   69   68   67   66   65   64   61   58   55   54   54   55   57   58   60   61
   61   62   61   60   61   64   74   90  108
    42.5-180.0 180.0   5.0 450.0                            LAT/LON1/LON2/DLON/H
  113  130  145  158  170  180  187  192  192  188  184  182  185  191  197  203
  205  204  199  190  180  172  166  161  156  149  139  127  112   98   87   82
   80   80   81   83   87   90   94   96   98   99   98   94   88   82   78   76
   75   74   74   73   72   70   66   62   59   57   57   59   61   63   64   64
   65   65   64   63   63   68   79   95  113
    40.0-180.0 180.0   5.0 450.0                            LAT/LON1/LON2/DLON/H
  120  135  148  160  171  182  193  203  208  207  203  197  194  193  195  198
  200  202  201  197  191  185  179  172  164  152  139  124  110   98   89   85
   84   86   89   92   95   98  100  100  102  103  103   99   93   87   83   81
   79   78   78   78   77   74   70   65   61   59   60   63   65   67   67   68
   68   68   68   66   67   73   85  102  120
    37.5-180.0 180.0   5.0 450.0                            LAT/LON1/LON2/DLON/H
  129  143  154  164  174  186  200  214  225  229  226  219  209  201  197  195
  197  200  203  204  202  198  192  182  170  154  138  123  110  101   95   91
   91   94   98  101  103  104  103  102  103  105  106  102   96   89   85   82
   81   80   80   80   80   77   73   67   63   61   62   66   69   70   70   71
   72   72   72   72   73   80   94  111  129
    35.0-180.0 180.0   5.0 450.0                            LAT/LON1/LON2/DLON/H
  141  155  165  173  181  192  207  225  241  250  251  244  231  217  206  200
  198  200  205  209  210  208  201  189  174  156  139  126  117  112  108  105
  104  106  109  111  112  110  107  103  103  104  105  102   96   90   85   82
   80   79   80   81   81   79   74   69   65   63   64   68   72   73   73   74
   75   77   77   78   81   89  104  123  141
    32.5-180.0 180.0   5.0 450.0                            LAT/LON1/LON2/DLON/H
  155  171  181  188  194  201  215  234  253  268  274  269  256  239  223  211
  204  203  207  212  214  212  204  191  175  158  145  137  134  133  130  125
  121  121  123  123  122  118  112  106  103  103  103  101   95   89   85   82
   80   79   79   80   81   78   74   69   66   65   67   71   74   75   74   76
   78   81   83   84   89  100  116  135  155
    30.0-180.0 180.0   5.0 450.0                            LAT/LON1/LON2/DLON/H
  170  188  201  208  212  216  224  239  258  276  288  289  279  262  243  226
  215  210  210  213  215  212  203  190  175  163  156  155  158  161  159  151
  143  140  139  138  135  129  120  110  104  102  102   99   94   90   86   83
   80   78   78   79   79   77   74   70   68   67   70   73   76   75   75   77
   81   84   87   91   98  110  128  149  170
    27.5-180.0 180.0   5.0 450.0                            LAT/LON1/LON2/DLON/H
  184  205  221  231  234  234  236  242  255  273  290  300  297  284  264  244
  227  217  213  214  214  209  199  188  177  170  172  179  188  193  191  180
  169  161  158  154  150  143  131  117  107  103  101   99   96   92   89   85
   82   79   78   78   77   76   73   71   70   70   73   75   76   75   75   78
   82   87   91   97  107  121  139  161  184
    25.0-180.0 180.0   5.0 450.0                            LAT/LON1/LON2/DLON/H
  197  221  242  256  260  257  251  247  250  263  281  299  307  301  284  262
  241  225  217  214  212  205  196  188  183  184  193  207  220  227  224  211
  196  186  178  172  166  157  142  125  111  105  103  102  100   98   94   89
   85   82   81   79   77   75   73   72   72   73   75   77   76   74   74   77
   82   88   94  103  115  130  149  172  197
    22.5-180.0 180.0   5.0 450.0                            LAT/LON1/LON2/DLON/H
  207  234  261  281  290  287  276  261  252  255  271  294  312  315  301  278
  253  233  221  216  211  204  197  194  196  205  221  239  254  260  256  241
  224  210  198  188  179  169  152  131  116  109  108  108  108  106  101   95
   90   88   86   83   80   77   75   74   74   75   77   77   76   73   72   75
   81   87   95  106  121  139  158  181  207
    20.0-180.0 180.0   5.0 450.0                            LAT/LON1/LON2/DLON/H
  216  246  278  307  324  326  314  293  272  261  268  292  318  328  316  293
  265  241  227  220  214  207  205  209  219  234  254  273  286  290  284  269
  250  232  215  200  188  176  157  136  121  116  115  115  116  114  108  101
   97   96   96   92   87   83   79   77   76   77   78   77   74   70   69   71
   77   84   94  108  126  146  166  189  216
    17.5-180.0 180.0   5.0 450.0                            LAT/LON1/LON2/DLON/H
  224  257  294  331  358  370  366  347  317  289  281  300  329  342  333  309
  279  252  236  227  221  216  218  231  248  268  290  307  316  317  309  291
  270  249  228  208  191  176  157  138  127  123  123  123  122  119  113  107
  105  108  109  106   99   91   84   80   79   79   78   76   72   68   65   67
   71   79   90  108  130  152  174  197  224
    15.0-180.0 180.0   5.0 450.0                            LAT/LON1/LON2/DLON/H
  233  267  308  351  388  413  421  412  382  340  315  323  348  361  352  328
  297  268  249  239  232  229  237  257  280  303  324  337  342  340  329  308
  284  259  234  210  189  171  154  140  133  131  130  128  125  121  115  111
  113  120  125  121  112  101   91   85   82   80   78   75   71   65   62   62
   66   73   86  107  132  157  181  206  233
    12.5-180.0 180.0   5.0 450.0                            LAT/LON1/LON2/DLON/H
  242  276  319  366  409  445  468  473  448  399  360  358  377  386  376  352
  320  289  267  255  249  248  260  284  311  334  351  359  361  357  343  318
  289  263  237  210  186  168  153  143  140  140  137  131  124  118  113  113
  120  132  139  135  124  111   98   89   85   82   79   75   70   64   60   59
   62   69   83  106  134  162  189  215  242
    10.0-180.0 180.0   5.0 450.0                            LAT/LON1/LON2/DLON/H
  252  285  325  370  414  456  493  514  499  450  404  395  407  413  403  380
  350  318  292  277  270  271  286  311  336  355  368  373  373  368  352  323
  291  264  239  213  188  169  156  150  150  150  144  133  122  113  109  113
  125  140  149  146  134  118  105   94   88   84   79   75   70   65   61   59
   61   68   83  107  136  167  196  223  252
     7.5-180.0 180.0   5.0 450.0                            LAT/LON1/LON2/DLON/H
  260  292  329  367  404  443  484  516  516  476  434  423  431  436  428  409
  383  351  322  303  296  298  313  336  356  368  375  377  378  376  359  327
  293  268  247  223  199  181  169  163  164  162  152  136  120  110  107  113
  127  143  153  150  137  123  110   99   92   86   81   77   72   68   65   63
   64   71   86  110  140  172  202  231  260
     5.0-180.0 180.0   5.0 450.0                            LAT/LON1/LON2/DLON/H
  268  298  330  360  386  413  447  480  490  468  440  434  444  450  447  435
  414  384  353  331  324  327  341  358  371  375  377  378  381  381  367  334
  300  279  263  244  223  204  189  181  180  175  161  141  123  111  107  113
  126  141  150  148  137  125  114  104   97   90   85   81   77   73   70   69
   71   79   93  117  146  177  207  238  268
     2.5-180.0 180.0   5.0 450.0                            LAT/LON1/LON2/DLON/H
  274  304  332  353  366  379  399  424  438  432  421  425  439  451  456  453
  439  413  382  360  352  355  366  379  383  380  378  379  384  388  377  347
  317  301  291  276  255  233  214  201  196  188  172  151  132  118  112  115
  125  136  144  142  134  125  117  110  103   97   92   88   85   81   78   77
   80   88  103  126  153  181  211  242  274
