tests/data/ionosphere_files/jplg0030.22i
     1.0            IONOSPHERE MAPS     GPS                 IONEX VERSION / TYPE
GIM V3.0            JPL - GNISD         06-jan-2022 02:36   PGM / RUN BY / DATE 
JPL'S GLOBAL IONOSPHERE MAPS YEAR 2022 DAY 003              COMMENT             
Global Ionospheric Maps (GIM) are generated on an hourly    DESCRIPTION         
and daily basis at JPL using data from up to 100 GPS sites  DESCRIPTION         
of the IGS and others institutions.                         DESCRIPTION         
The vertical TEC is modeled in a solar-geomagnetic          DESCRIPTION         
reference frame using bi-cubic splines on a spherical grid. DESCRIPTION         
A Kalman filter is used to solve simultaneously for         DESCRIPTION         
instrumental biases and VTEC on the grid (as stochastic     DESCRIPTION         
parameters).                                                DESCRIPTION         
Contact Address:  gpsiono@cobra.jpl.nasa.gov .              DESCRIPTION         
  2022     1     3     0     0     0                        EPOCH OF FIRST MAP  
  2022     1     4     0     0     0                        EPOCH OF LAST MAP   
  7200                                                      INTERVAL            
    13                                                      # OF MAPS IN FILE   
  NONE                                                      MAPPING FUNCTION    
    10.0                                                    ELEVATION CUTOFF    
One-way carrier phase leveled to code                       OBSERVABLES USED    
   170                                                      # OF STATIONS       
    31                                                      # OF SATELLITES     
  6371.0                                                    BASE RADIUS         
     2                                                      MAP DIMENSION       
   450.0 450.0   0.0                                        HGT1 / HGT2 / DHGT  
    87.5 -87.5  -2.5                                        LAT1 / LAT2 / DLAT  
  -180.0 180.0   5.0                                        LON1 / LON2 / DLON  
    -1                                                      EXPONENT            
TEC/RMS values in 0.1 TECU; 9999, if no value available     COMMENT             
                                                            END OF HEADER       
[from data line 5148]
    13                                                      START OF TEC MAP    
  2022     1     4     0     0     0                        EPOCH OF CURRENT MAP
    87.5-180.0 180.0   5.0 450.0                            LAT/LON1/LON2/DLON/H
   45   45   46   46   46   46   47   47   47   46   46   46   46   45   45   45
   44   44   43   43   42   42   41   41   40   40   39   39   38   38   38   37
   37   37   36   36   36   36   36   35   35   35   35   35   35   35   35   35
   35   35   35   35   35   36   36   36   37   37   37   38   38   39   39   40
   40   41   41   42   43   43   44   44   45
    85.0-180.0 180.0   5.0 450.0                            LAT/LON1/LON2/DLON/H
   51   52   53   54   55   55   55   55   55   55   54   53   52   52   50   49
   48   47   46   45   44   43   42   41   40   39   39   38   37   37   36   35
   35   35   34   34   34   33   33   33   33   33   32   32   32   32   32   32
   32   32   32   32   32   32   32   33   33   34   34   35   36   36   37   39
   40   41   43   44   46   47   49   50   51
    82.5-180.0 180.0   5.0 450.0                            LAT/LON1/LON2/DLON/H
   59   61   62   63   64   64   64   64   63   62   61   60   58   56   55   53
   51   49   47   46   44   43   42   41   40   39   38   37   37   36   36   35
   34   34   34   33   33   33   32   32   32   32   32   32   31   31   31   31
   31   30   30   30   30   30   30   30   30   30   31   31   32   33   35   37
   39   41   43   46   49   51   54   56   59
    80.0-180.0 180.0   5.0 450.0                            LAT/LON1/LON2/DLON/H
   66   68   70   72   72   72   72   70   69   67   65   63   61   58   56   53
   51   49   47   45   44   42   41   41   40   39   39   38   38   37   37   36
   36   35   34   34   34   34   33   33   33   33   33   33   32   32   31   31
   30   30   29   29   28   28   28   27   27   27   27   28   29   30   32   34
   36   40   43   47   51   55   59   63   66
    77.5-180.0 180.0   5.0 450.0                            LAT/LON1/LON2/DLON/H
   72   75   77   78   78   77   76   74   72   70   67   64   61   58   55   53
   50   47   45   43   42   41   41   41   41   41   41   41   40   40   39   38
   38   37   36   36   35   35   35   35   35   35   35   34   34   33   32   31
   30   29   29   28   28   27   26   26   25   25   24   24   25   26   28   30
   33   37   42   47   53   58   63   68   72
    75.0-180.0 180.0   5.0 450.0                            LAT/LON1/LON2/DLON/H
   77   80   82   82   82   80   78   76   73   71   68   65   62   59   55   51
   48   45   43   41   40   40   40   41   42   43   43   43   43   43   42   41
   40   38   38   37   37   37   37   37   37   36   36   36   35   34   32   31
   30   29   28   27   27   26   26   25   24   23   22   22   21   22   23   26
   29   34   39   46   52   59   66   72   77
    72.5-180.0 180.0   5.0 450.0                            LAT/LON1/LON2/DLON/H
   80   84   85   85   84   82   80   77   75   73   70   67   63   59   55   50
   46   43   40   38   38   38   40   41   43   44   45   45   45   44   43   41
   39   38   37   37   37   37   37   37   38   37   37   36   35   33   32   30
   28   27   27   26   26   26   25   25   24   22   21   20   19   19   20   22
   26   31   36   43   51   60   68   75   80
    70.0-180.0 180.0   5.0 450.0                            LAT/LON1/LON2/DLON/H
   83   86   88   88   86   84   81   79   77   75   73   69   65   61   55   50
   45   41   38   36   36   37   39   41   43   45   46   45   44   42   40   38
   37   36   35   35   35   36   37   37   37   37   37   36   34   33   31   29
   27   26   25   25   25   25   25   25   24   22   20   19   18   18   19   21
   24   28   34   42   50   60   69   77   83
    67.5-180.0 180.0   5.0 450.0                            LAT/LON1/LON2/DLON/H
   86   89   90   90   88   86   83   82   80   78   76   73   68   63   57   51
   45   41   37   35   35   36   38   40   43   44   44   43   40   38   35   33
   32   32   32   32   33   34   35   36   36   36   36   35   33   32   29   27
   25   24   23   23   24   24   25   24   24   22   21   20   20   20   20   22
   25   29   35   42   51   61   71   79   86
    65.0-180.0 180.0   5.0 450.0                            LAT/LON1/LON2/DLON/H
   89   93   94   93   90   88   86   85   83   82   79   76   71   65   59   53
   47   42   38   35   35   35   37   39   41   42   41   39   35   32   29   27
   27   27   28   29   31   32   34   34   35   35   35   34   33   31   29   26
   24   23   22   23   23   23   24   24   24   23   23   23   24   25   26   28
   31   34   39   46   54   64   74   83   89
    62.5-180.0 180.0   5.0 450.0                            LAT/LON1/LON2/DLON/H
   94   97   98   97   94   92   90   88   86   85   83   79   75   69   62   56
   49   44   39   37   35   35   36   37   38   39   37   34   31   27   24   23
   23   24   26   27   29   31   33   34   35   35   36   35   34   32   30   27
   25   23   23   23   23   23   23   24   24   25   26   28   30   33   36   39
   41   44   47   53   60   69   79   87   94
    60.0-180.0 180.0   5.0 450.0                            LAT/LON1/LON2/DLON/H
  100  104  104  103  100   97   94   92   90   88   86   83   78   73   67   60
   53   47   42   39   37   36   35   36   36   36   34   31   28   24   22   22
   22   24   26   28   30   32   34   35   37   38   38   38   38   36   33   30
   27   25   24   24   24   24   24   24   25   27   30   34   38   43   48   52
   54   56   58   62   68   76   85   94  100
    57.5-180.0 180.0   5.0 450.0                            LAT/LON1/LON2/DLON/H
  108  112  113  112  109  105  101   97   94   92   89   86   82   77   72   65
   58   51   46   42   39   37   36   35   34   34   33   31   28   27   25   25
   26   28   30   32   34   35   37   39   41   42   44   44   43   41   38   34
   31   29   28   27   27   26   26   26   27   30   35   41   48   55   61   65
   68   69   71   73   78   85   94  102  108
    55.0-180.0 180.0   5.0 450.0                            LAT/LON1/LON2/DLON/H
  118  122  124  124  120  116  110  104   99   96   92   90   86   82   77   71
   64   57   51   46   43   40   37   35   34   34   34   34   33   33   32   33
   33   35   36   38   39   41   43   45   48   50   51   51   51   48   44   40
   36   34   33   32   32   31   29   29   31   34   40   48   57   66   73   79
   81   82   83   86   90   97  104  112  118
    52.5-180.0 180.0   5.0 450.0                            LAT/LON1/LON2/DLON/H
  130  133  135  135  132  127  120  113  106  100   96   93   91   87   83   77
   69   62   56   52   48   44   40   37   36   36   38   39   40   41   42   42
   43   43   44   46   48   49   52   54   56   59   60   60   59   56   51   47
   43   40   39   39   39   37   35   34   36   40   46   55   66   76   85   90
   92   93   95   98  104  110  117  124  130
    50.0-180.0 180.0   5.0 450.0                            LAT/LON1/LON2/DLON/H
  141  143  145  145  143  138  131  122  113  105  100   97   95   92   88   82
   75   68   62   58   54   49   44   40   39   40   42   45   47   49   51   51
   52   52   54   55   57   59   61   63   66   68   69   69   67   63   58   53
   50   47   47   47   47   45   42   41   42   46   53   63   74   85   94   99
  102  103  106  112  119  126  132  138  141
    47.5-180.0 180.0   5.0 450.0                            LAT/LON1/LON2/DLON/H
  152  150  150  150  149  146  140  130  120  111  105  101   98   96   92   87
   80   73   68   64   60   55   49   45   43   45   48   51   54   56   57   58
   59   60   62   64   67   68   70   72   74   76   76   76   73   69   65   60
   56   55   55   55   55   53   50   47   48   52   60   70   82   94  102  107
  109  111  117  125  134  142  149  152  152
    45.0-180.0 180.0   5.0 450.0                            LAT/LON1/LON2/DLON/H
  160  154  150  149  150  150  146  138  128  117  110  105  102   99   96   90
   84   78   74   71   67   61   55   50   49   51   54   58   60   60   61   62
   64   67   70   73   75   76   78   79   80   81   82   81   79   75   70   66
   63   61   61   62   62   60   56   54   54   59   67   77   89  100  108  112
  115  119  127  137  149  158  163  164  160
    42.5-180.0 180.0   5.0 450.0                            LAT/LON1/LON2/DLON/H
  164  153  145  143  146  149  150  145  136  125  116  110  106  103   99   94
   87   82   79   77   73   67   61   56   55   57   60   63   63   63   62   64
   67   71   75   79   81   82   82   83   84   85   86   85   84   80   76   72
   69   67   67   67   67   65   61   59   60   65   74   84   96  106  113  116
  120  125  135  148  161  170  175  173  164
    40.0-180.0 180.0   5.0 450.0                            LAT/LON1/LON2/DLON/H
  164  149  138  135  138  146  152  152  145  134  125  118  113  109  104   98
   91   87   84   83   79   73   66   62   61   63   66   67   66   64   63   65
   69   74   78   82   85   85   84   84   85   86   88   88   87   85   81   77
   74   72   71   71   70   68   64   63   65   72   81   91  102  111  117  120
  124  131  142  155  168  177  181  176  164
    37.5-180.0 180.0   5.0 450.0                            LAT/LON1/LON2/DLON/H
  161  144  131  126  130  141  153  158  154  145  136  128  122  117  112  105
   97   92   90   88   84   78   71   67   67   68   70   71   69   66   64   66
   70   75   80   84   86   86   85   84   85   87   88   90   91   89   85   81
   78   75   73   72   71   69   66   65   69   77   88   99  108  116  120  123
  128  136  147  160  172  180  181  175  161
    35.0-180.0 180.0   5.0 450.0                            LAT/LON1/LON2/DLON/H
  159  141  126  119  123  137  154  164  163  156  148  141  135  129  123  115
  106  100   97   94   89   82   75   71   70   70   72   73   72   69   67   69
   73   77   81   85   87   86   85   84   84   86   89   91   93   92   90   85
   81   76   73   72   71   68   66   66   72   82   94  106  115  122  125  128
  133  142  153  164  174  180  180  173  159
    32.5-180.0 180.0   5.0 450.0                            LAT/LON1/LON2/DLON/H
  162  145  128  118  120  135  154  168  170  166  160  154  149  144  137  128
  119  111  105  100   93   85   77   72   69   69   71   73   75   74   73   74
   77   80   84   88   89   88   86   85   84   86   88   92   95   95   92   88
   82   76   72   70   69   67   65   66   74   86  101  114  123  129  132  135
  140  148  158  169  178  183  182  175  162
    30.0-180.0 180.0   5.0 450.0                            LAT/LON1/LON2/DLON/H
  176  160  142  128  125  136  154  169  174  173  170  166  163  158  152  143
  132  122  114  106   97   87   78   71   67   66   69   74   79   82   82   83
   84   87   90   94   95   93   90   87   86   86   88   92   96   97   94   88
   81   75   70   68   66   64   63   66   74   90  107  123  133  138  141  144
  149  156  166  177  186  192  193  187  176
    27.5-180.0 180.0   5.0 450.0                            LAT/LON1/LON2/DLON/H
  205  190  172  155  146  149  160  170  175  176  176  176  174  171  165  156
  145  133  122  110   99   88   78   70   65   65   69   77   86   92   93   94
   95   97  101  105  105  102   96   91   88   87   89   93   96   97   93   86
   78   72   67   65   63   61   61   65   75   93  114  132  143  149  152  156
  160  166  176  188  201  212  218  215  205
    25.0-180.0 180.0   5.0 450.0                            LAT/LON1/LON2/DLON/H
  252  241  225  205  188  180  179  179  179  179  181  182  182  180  175  166
  155  142  128  114  101   90   79   71   67   69   75   86   98  106  108  108
  110  112  116  119  118  112  104   96   91   89   90   93   96   95   90   82
   74   68   64   62   61   59   60   65   77   98  122  142  154  161  166  169
  173  179  188  203  222  242  256  259  252
    22.5-180.0 180.0   5.0 450.0                            LAT/LON1/LON2/DLON/H
  311  308  302  285  259  235  217  202  192  188  188  188  187  185  179  171
  161  148  132  116  102   91   82   77   76   81   90  103  117  125  126  125
  126  129  133  135  131  122  111  102   95   93   93   95   95   93   86   77
   70   64   61   60   59   58   60   66   81  104  130  152  166  175  180  184
  187  193  203  221  245  275  300  312  311
    20.0-180.0 180.0   5.0 450.0                            LAT/LON1/LON2/DLON/H
  370  380  391  384  357  320  280  245  219  205  200  197  193  188  181  172
  162  150  134  117  103   94   89   88   93  103  116  130  141  146  145  142
  143  145  148  148  142  130  118  107  100   97   96   96   95   90   82   73
   66   61   60   59   59   59   61   70   87  112  140  163  179  188  195  200
  204  209  220  240  269  307  342  362  370
    17.5-180.0 180.0   5.0 450.0                            LAT/LON1/LON2/DLON/H
  417  443  474  484  462  418  364  309  265  236  220  211  202  192  182  172
  162  150  134  118  105   99   99  105  117  132  147  160  168  168  163  158
  157  158  159  156  147  135  122  112  105  101  100   98   94   87   78   70
   64   61   60   61   60   61   65   76   95  121  150  174  191  202  210  216
  221  227  238  258  289  330  371  399  417
    15.0-180.0 180.0   5.0 450.0                            LAT/LON1/LON2/DLON/H
  439  481  533  563  552  510  449  381  323  280  251  232  216  199  184  172
  162  151  136  120  111  108  114  126  143  161  178  189  191  186  177  171
  168  165  162  157  147  136  125  116  109  106  104  100   94   85   76   69
   65   63   62   63   62   63   69   82  103  130  159  184  201  214  224  232
  238  245  256  275  302  341  381  411  439
    12.5-180.0 180.0   5.0 450.0                            LAT/LON1/LON2/DLON/H
  431  482  548  598  606  576  517  446  378  325  287  260  235  212  191  176
  165  154  139  127  121  124  134  149  167  186  202  209  206  196  185  178
  172  167  160  153  144  134  126  118  114  111  108  102   93   83   75   70
   67   66   66   65   64   66   73   88  111  138  166  191  210  224  235  244
  252  261  272  288  310  340  373  401  431
    10.0-180.0 180.0   5.0 450.0                            LAT/LON1/LON2/DLON/H
  402  451  518  577  604  595  552  488  421  363  320  288  258  228  202  184
  171  159  147  139  139  147  160  174  188  201  214  218  210  197  187  180
  173  164  155  146  139  132  126  121  117  115  111  103   93   82   75   72
   71   70   69   66   65   68   77   93  116  143  171  196  216  232  243  253
  263  272  284  297  313  332  355  376  402
     7.5-180.0 180.0   5.0 450.0                            LAT/LON1/LON2/DLON/H
  366  404  461  518  556  564  542  495  438  384  343  311  279  245  216  195
  182  169  159  157  164  176  189  199  203  207  214  215  205  191  183  179
  172  160  149  141  135  130  126  123  121  118  114  105   93   82   77   75
   75   74   72   67   64   68   79   97  119  146  173  198  219  236  247  257
  267  278  290  302  312  322  334  346  366
     5.0-180.0 180.0   5.0 450.0                            LAT/LON1/LON2/DLON/H
  335  358  398  446  485  506  501  471  426  382  351  326  297  263  232  211
  197  184  177  180  193  208  219  220  212  205  207  205  195  182  177  176
  169  158  146  139  134  130  126  124  123  121  115  106   94   84   80   79
   79   78   74   67   63   67   81   99  121  146  172  198  220  236  248  257
  267  279  291  302  310  315  319  325  335
     2.5-180.0 180.0   5.0 450.0                            LAT/LON1/LON2/DLON/H
  323  333  353  385  419  444  450  433  398  364  344  330  309  279  250  230
  216  205  200  207  223  238  244  236  215  199  196  193  183  173  171  172
  168  157  147  141  136  132  127  124  123  121  116  107   96   88   84   83
   83   82   76   66   61   67   82  100  121  144  170  195  218  235  245  254
  264  275  288  300  307  312  315  319  323
