tests/data/ionosphere_files/jplg0010.22i
     1.0            IONOSPHERE MAPS     GPS                 IONEX VERSION / TYPE
GIM V3.0            JPL - GNISD         04-jan-2022 02:37   PGM / RUN BY / DATE
JPL'S GLOBAL IONOSPHERE MAPS YEAR 2022 DAY 001              COMMENT
Global Ionospheric Maps (GIM) are generated on an hourly    DESCRIPTION
and daily basis at JPL using data from up to 100 GPS sites  DESCRIPTION
of the IGS and others institutions.                         DESCRIPTION
The vertical TEC is modeled in a solar-geomagnetic          DESCRIPTION
reference frame using bi-cubic splines on a spherical grid. DESCRIPTION
A Kalman filter is used to solve simultaneously for         DESCRIPTION
instrumental biases and VTEC on the grid (as stochastic     DESCRIPTION
parameters).                                                DESCRIPTION
Contact Address:  gpsiono@cobra.jpl.nasa.gov .              DESCRIPTION
  2022     1     1     0     0     0                        EPOCH OF FIRST MAP
  2022     1     2     0     0     0                        EPOCH OF LAST MAP
  7200                                                      INTERVAL
    13                                                      # OF MAPS IN FILE
  NONE                                                      MAPPING FUNCTION
    10.0                                                    ELEVATION CUTOFF
One-way carrier phase leveled to code                       OBSERVABLES USED
   170                                                      # OF STATIONS
    31                                                      # OF SATELLITES
  6371.0                                                    BASE RADIUS
     2                                                      MAP DIMENSION
   450.0 450.0   0.0                                        HGT1 / HGT2 / DHGT
    87.5 -87.5  -2.5                                        LAT1 / LAT2 / DLAT
  -180.0 180.0   5.0                                        LON1 / LON2 / DLON
    -1                                                      EXPONENT
TEC/RMS values in 0.1 TECU; 9999, if no value available     COMMENT
                                                            END OF HEADER
[from data line 858]
     3                                                      START OF TEC MAP
  2022     1     1     4     0     0                        EPOCH OF CURRENT MAP
    87.5-180.0 180.0   5.0 450.0                            LAT/LON1/LON2/DLON/H
   47   47   47   47   48   48   48   48   48   48   47   47   47   46   46   46
   45   45   44   44   43   43   42   42   41   41   40   40   39   39   39   39
   38   38   38   38   38   38   38   38   37   37   37   37   37   37   37   37
   38   38   38   38   38   38   39   39   39   40   40   40   41   41   42   42
   43   43   44   44   45   45   46   46   47
    85.0-180.0 180.0   5.0 450.0                            LAT/LON1/LON2/DLON/H
   50   51   52   52   53   53   53   53   53   53   52   52   51   50   49   48
   47   46   45   44   42   41   40   39   39   38   37   37   36   36   36   36
   36   36   36   36   36   36   36   36   36   35   35   35   35   35   35   35
   34   34   34   35   35   35   35   36   36   37   38   38   39   40   41   42
   43   44   45   46   46   47   48   49   50
    82.5-180.0 180.0   5.0 450.0                            LAT/LON1/LON2/DLON/H
   53   54   55   56   57   57   58   58   58   58   57   56   55   53   52   50
   48   46   44   43   41   40   38   37   36   36   35   35   34   34   34   34
   35   35   35   36   36   36   37   37   37   37   37   36   36   35   35   34
   34   33   33   33   33   33   34   34   35   35   36   37   38   39   40   42
   43   44   45   47   48   49   50   52   53
    80.0-180.0 180.0   5.0 450.0                            LAT/LON1/LON2/DLON/H
   55   56   58   59   60   61   62   62   62   62   61   59   58   56   53   51
   49   46   44   42   40   39   37   36   36   35   35   34   34   34   34   35
   35   36   36   37   38   39   40   40   41   41   40   40   39   38   37   36
   35   34   34   34   34   34   35   36   36   37   38   39   41   42   43   44
   46   47   48   50   51   52   53   54   55
    77.5-180.0 180.0   5.0 450.0                            LAT/LON1/LON2/DLON/H
   58   58   59   60   62   63   64   64   64   64   63   62   60   57   55   52
   49   47   44   42   41   39   38   38   38   37   37   37   37   37   37   37
   37   37   38   39   40   41   42   43   44   45   45   44   43   42   40   39
   38   37   37   37   37   39   40   41   43   44   45   47   48   49   51   52
   54   55   56   57   57   57   57   57   58
    75.0-180.0 180.0   5.0 450.0                            LAT/LON1/LON2/DLON/H
   61   60   60   61   62   63   64   65   65   65   64   62   60   58   55   52
   50   47   45   44   43   42   42   42   42   43   43   43   43   42   42   41
   41   40   40   41   41   43   44   45   46   47   47   47   45   44   42   41
   40   40   40   42   44   46   49   51   53   55   57   58   60   62   64   65
   67   68   69   68   67   66   64   62   61
    72.5-180.0 180.0   5.0 450.0                            LAT/LON1/LON2/DLON/H
   64   62   60   60   61   62   63   63   64   63   62   61   59   57   55   52
   50   48   47   47   46   46   46   47   48   49   50   50   50   49   48   46
   45   44   43   42   43   43   44   46   47   47   47   46   45   44   42   41
   41   42   44   47   51   55   59   63   66   68   70   72   74   76   79   81
   83   84   84   83   80   76   72   68   64
    70.0-180.0 180.0   5.0 450.0                            LAT/LON1/LON2/DLON/H
   66   62   59   57   57   58   59   60   61   61   60   59   57   55   53   52
   51   50   50   50   50   50   51   52   54   55   56   57   56   55   53   51
   49   47   45   44   43   43   43   44   44   44   44   43   42   41   40   40
   41   44   47   52   58   64   69   74   78   81   83   85   87   90   92   95
   98   99   99   97   92   86   79   73   66
    67.5-180.0 180.0   5.0 450.0                            LAT/LON1/LON2/DLON/H
   67   60   56   53   52   53   54   56   57   58   57   56   54   53   52   51
   51   52   53   53   53   53   54   56   58   60   61   61   61   59   57   55
   52   49   46   44   43   42   41   40   40   39   38   37   36   36   36   38
   40   45   51   57   65   72   78   83   87   90   93   95   97   99  102  105
  107  109  109  106  101   93   84   75   67
    65.0-180.0 180.0   5.0 450.0                            LAT/LON1/LON2/DLON/H
   66   58   52   48   46   47   49   51   53   54   54   53   52   51   50   51
   52   54   55   55   55   54   55   57   59   61   63   64   63   62   60   57
   53   50   47   43   41   39   37   36   35   34   33   32   31   32   33   36
   41   47   54   63   71   78   85   90   93   96   98  100  101  103  104  106
  108  110  110  108  103   95   85   75   66
    62.5-180.0 180.0   5.0 450.0                            LAT/LON1/LON2/DLON/H
   63   55   48   44   42   42   45   48   50   51   51   51   50   49   49   50
   53   55   56   56   55   54   54   56   58   61   63   64   64   63   60   57
   54   50   46   42   38   35   33   32   31   30   29   28   28   30   33   37
   43   51   59   69   77   85   91   95   98   99  101  102  102  102  102  101
  102  103  103  102   98   91   83   73   63
    60.0-180.0 180.0   5.0 450.0                            LAT/LON1/LON2/DLON/H
   62   54   47   42   40   40   42   46   48   50   50   49   48   48   49   51
   53   55   57   56   54   52   52   54   56   59   61   62   63   62   60   57
   53   48   44   40   36   33   31   29   29   28   28   28   29   31   36   41
   49   57   67   76   85   92   97  100  102  103  103  103  102  100   97   94
   93   92   92   92   89   85   78   70   62
    57.5-180.0 180.0   5.0 450.0                            LAT/LON1/LON2/DLON/H
   62   56   49   44   42   41   43   46   48   50   50   49   48   48   49   51
   54   56   56   55   53   51   50   52   54   57   59   60   61   60   58   55
   51   47   43   38   35   32   30   30   30   31   32   32   34   37   42   48
   56   66   76   85   94  101  105  108  109  109  108  106  103   99   94   89
   85   83   83   83   82   79   75   69   62
    55.0-180.0 180.0   5.0 450.0                            LAT/LON1/LON2/DLON/H
   67   61   56   52   49   47   48   49   51   51   51   50   50   49   50   52
   54   55   55   54   52   50   50   51   53   55   57   59   59   58   56   53
   50   46   42   39   36   34   33   34   36   38   39   40   42   45   50   57
   66   76   87   96  105  112  116  119  119  119  117  114  109  103   97   90
   85   82   81   81   80   79   76   71   67
    52.5-180.0 180.0   5.0 450.0                            LAT/LON1/LON2/DLON/H
   75   70   66   62   58   56   55   55   55   55   54   53   52   51   52   53
   54   55   55   54   53   52   51   52   54   56   58   58   58   58   56   53
   50   47   44   42   40   40   40   42   45   47   49   50   51   54   60   68
   77   88   99  109  118  126  131  133  134  133  129  124  119  112  106  100
   94   91   89   88   87   85   83   79   75
    50.0-180.0 180.0   5.0 450.0                            LAT/LON1/LON2/DLON/H
   87   82   77   73   69   65   63   62   61   60   58   57   55   54   54   54
   54   55   56   55   55   55   55   56   58   59   60   61   61   60   59   56
   53   51   49   48   48   49   50   53   55   58   60   60   61   63   69   78
   89  100  112  122  132  139  145  148  148  146  142  136  129  123  118  113
  109  107  105  104  103  100   96   92   87
    47.5-180.0 180.0   5.0 450.0                            LAT/LON1/LON2/DLON/H
  101   94   88   83   78   74   71   69   68   66   64   62   60   58   56   56
   56   57   58   59   60   61   62   63   64   65   67   68   68   68   66   63
   60   57   56   57   58   59   61   64   66   69   69   69   69   72   79   89
  101  113  124  134  143  151  157  160  160  157  152  144  137  132  128  126
  125  124  124  123  121  118  114  107  101
    45.0-180.0 180.0   5.0 450.0                            LAT/LON1/LON2/DLON/H
  114  105   97   90   84   80   77   75   73   72   70   68   65   62   60   59
   60   62   64   66   68   70   72   74   74   75   77   79   81   81   79   75
   70   66   65   66   68   70   72   74   76   78   78   76   76   79   88   99
  112  124  134  142  151  158  163  166  165  161  155  147  140  136  134  134
  135  137  138  139  138  135  130  123  114
    42.5-180.0 180.0   5.0 450.0                            LAT/LON1/LON2/DLON/H
  124  113  102   93   87   83   81   79   78   77   76   74   71   67   64   64
   66   69   72   75   79   83   86   88   88   89   92   95   97   97   94   88
   81   75   73   74   77   80   81   83   85   85   84   83   83   87   97  110
  123  133  141  147  153  158  163  164  162  157  150  143  137  132  130  132
  135  140  144  146  146  145  141  134  124
    40.0-180.0 180.0   5.0 450.0                            LAT/LON1/LON2/DLON/H
  130  117  105   94   87   84   82   80   80   81   81   80   77   73   70   70
   73   78   82   86   91   97  101  103  103  104  107  111  114  113  109  101
   92   84   81   81   84   87   89   90   91   91   89   88   89   95  106  120
  133  141  146  149  152  156  159  160  157  151  143  137  131  126  123  124
  128  134  138  141  143  145  144  139  130
    37.5-180.0 180.0   5.0 450.0                            LAT/LON1/LON2/DLON/H
  128  117  104   93   86   82   81   80   81   83   85   86   84   80   78   78
   82   87   93   98  104  110  115  117  116  116  120  125  127  125  120  111
  100   91   86   86   88   91   93   95   95   94   93   93   96  104  117  132
  142  148  149  150  151  155  158  159  155  148  141  135  129  124  120  120
  124  129  131  132  133  135  137  136  128
    35.0-180.0 180.0   5.0 450.0                            LAT/LON1/LON2/DLON/H
  123  113  101   90   83   80   79   79   81   85   89   92   91   88   86   87
   91   97  102  108  114  120  125  126  125  124  127  132  133  130  123  115
  105   95   90   88   90   93   95   97   97   96   96   98  103  113  128  143
  152  155  154  153  155  160  166  167  163  156  149  143  138  133  129  129
  133  136  134  129  125  126  128  128  123
    32.5-180.0 180.0   5.0 450.0                            LAT/LON1/LON2/DLON/H
  119  110   98   88   81   78   77   77   80   86   92   97   97   96   95   96
  100  105  110  114  120  125  128  128  125  124  127  131  131  127  120  113
  106   97   91   89   90   92   94   96   97   97   97  101  109  122  139  154
  161  163  161  162  168  178  186  190  188  182  174  167  162  158  157  160
  165  166  157  143  130  124  124  123  119
    30.0-180.0 180.0   5.0 450.0                            LAT/LON1/LON2/DLON/H
  120  111   99   88   81   78   76   76   79   86   94  100  103  102  102  104
  107  111  114  117  120  123  124  122  119  117  119  122  122  118  113  109
  105   98   92   88   87   88   90   93   94   95   97  103  114  129  147  162
  170  172  173  179  192  208  221  228  227  222  214  205  200  201  206  216
  226  226  210  183  157  139  131  126  120
    27.5-180.0 180.0   5.0 450.0                            LAT/LON1/LON2/DLON/H
  132  120  106   94   85   80   77   77   80   86   95  102  105  106  107  108
  111  113  115  116  117  117  115  112  108  107  108  111  111  108  105  105
  103   99   92   86   83   83   84   87   89   91   94  102  116  133  153  169
  178  182  187  201  222  246  263  272  273  268  260  250  246  252  267  286
  304  307  286  249  209  177  156  142  132
    25.0-180.0 180.0   5.0 450.0                            LAT/LON1/LON2/DLON/H
  155  139  122  106   94   86   81   79   81   87   94  100  104  105  106  108
  110  111  111  111  110  108  104  101   97   96   97  100  101  100  100  102
  103  100   92   84   79   77   78   80   83   85   90  100  116  135  155  172
  185  193  204  225  255  285  306  316  317  312  304  295  293  305  328  357
  382  389  366  323  273  228  195  173  155
    22.5-180.0 180.0   5.0 450.0                            LAT/LON1/LON2/DLON/H
  188  167  146  127  111   99   90   85   84   88   93   98  100  101  101  102
  103  104  104  103  101   98   94   91   90   88   90   93   95   97  100  104
  106  102   93   83   75   71   71   73   75   77   83   96  113  134  155  175
  191  205  221  249  285  319  340  349  350  345  337  331  333  350  379  414
  445  456  435  390  334  281  240  210  188
    20.0-180.0 180.0   5.0 450.0                            LAT/LON1/LON2/DLON/H
  222  199  176  155  136  119  105   95   90   90   93   95   96   94   93   92
   93   94   93   92   91   89   87   87   88   87   88   91   95   98  104  109
  110  105   94   83   74   68   66   66   67   70   77   91  110  132  155  178
  198  217  239  270  308  342  361  368  366  361  355  354  361  381  410  445
  476  489  473  433  379  324  280  248  222
    17.5-180.0 180.0   5.0 450.0                            LAT/LON1/LON2/DLON/H
  253  230  207  185  163  143  124  109   99   95   95   95   93   89   85   82
   83   83   83   83   83   83   84   88   91   91   91   93   98  103  110  114
  114  108   97   84   74   67   63   61   61   63   71   87  108  132  157  183
  208  231  257  288  324  354  369  373  369  363  361  365  378  398  424  451
  474  484  473  441  396  348  307  277  253
    15.0-180.0 180.0   5.0 450.0                            LAT/LON1/LON2/DLON/H
  275  255  234  213  191  168  145  125  110  103  101   99   95   88   81   77
   76   77   78   78   79   81   86   93   98   98   96   98  103  109  115  119
  117  110   99   87   77   69   63   59   56   58   67   84  107  133  160  189
  218  245  272  302  333  357  367  368  362  356  357  369  387  406  425  441
  453  456  446  422  387  348  317  294  275
    12.5-180.0 180.0   5.0 450.0                            LAT/LON1/LON2/DLON/H
  285  270  253  235  214  190  165  142  124  113  109  107  102   94   85   79
   78   79   80   82   84   87   93  102  107  106  102  103  108  114  119  121
  118  111  101   91   82   73   65   59   56   57   66   85  109  136  166  197
  228  258  285  311  336  352  359  357  351  346  351  368  390  409  422  427
  425  420  409  391  365  336  314  299  285
    10.0-180.0 180.0   5.0 450.0                            LAT/LON1/LON2/DLON/H
  289  277  263  248  230  208  183  158  138  125  121  118  113  105   96   90
   89   91   94   97   99  101  105  113  117  113  108  107  112  117  120  120
  116  110  103   95   86   78   70   63   59   61   70   89  113  140  171  204
  236  266  292  314  332  343  346  344  339  337  345  365  390  410  420  418
  406  392  378  362  342  321  307  298  289
     7.5-180.0 180.0   5.0 450.0                            LAT/LON1/LON2/DLON/H
  292  282  269  256  240  220  197  174  153  139  133  130  126  119  111  106
  106  110  116  122  124  122  122  126  127  120  112  110  114  118  119  118
  113  107  102   96   90   83   76   70   66   68   77   94  117  145  175  208
  240  268  292  311  324  331  333  333  331  332  342  364  390  412  425  422
  407  387  368  349  330  313  303  298  292
     5.0-180.0 180.0   5.0 450.0                            LAT/LON1/LON2/DLON/H
  297  287  275  261  245  227  208  188  168  153  144  140  137  132  126  123
  124  130  139  148  149  144  139  138  135  125  116  113  116  118  117  114
  109  104  100   96   92   87   82   78   75   77   85  101  122  148  177  208
  238  264  286  302  312  317  321  324  327  332  345  366  392  418  436  438
  425  404  380  358  338  321  309  303  297
     2.5-180.0 180.0   5.0 450.0                            LAT/LON1/LON2/DLON/H
  309  297  283  267  250  233  217  200  183  166  154  148  145  142  138  136
  139  146  158  168  169  161  153  148  141  130  119  116  118  118  115  110
  104   99   95   93   91   90   88   85   84   86   93  107  126  150  177  205
  232  256  275  290  299  306  313  321  329  338  352  373  399  428  451  461
  454  434  408  383  361  342  327  317  309
