tests/data/ionosphere_files/jplg0040.22i
     1.0            IONOSPHERE MAPS     GPS                 IONEX VERSION / TYPE
GIM V3.0            JPL - GNISD         07-jan-2022 02:35   PGM / RUN BY / DATE
JPL'S GLOBAL IONOSPHERE MAPS YEAR 2022 DAY 004              COMMENT
Global Ionospheric Maps (GIM) are generated on an hourly    DESCRIPTION
and daily basis at JPL using data from up to 100 GPS sites  DESCRIPTION
of the IGS and others institutions.                         DESCRIPTION
The vertical TEC is modeled in a solar-geomagnetic          DESCRIPTION
reference frame using bi-cubic splines on a spherical grid. DESCRIPTION
A Kalman filter is used to solve simultaneously for         DESCRIPTION
instrumental biases and VTEC on the grid (as stochastic     DESCRIPTION
parameters).                                                DESCRIPTION
Contact Address:  gpsiono@cobra.jpl.nasa.gov .              DESCRIPTION
  2022     1     4     0     0     0                        EPOCH OF FIRST MAP
  2022     1     5     0     0     0                        EPOCH OF LAST MAP
  7200                                                      INTERVAL
    13                                                      # OF MAPS IN FILE
  NONE                                                      MAPPING FUNCTION
    10.0                                                    ELEVATION CUTOFF
One-way carrier phase leveled to code                       OBSERVABLES USED
   170                                                      # OF STATIONS
    31                                                      # OF SATELLITES
  6371.0                                                    BASE RADIUS
     2                                                      MAP DIMENSION
   450.0 450.0   0.0                                        HGT1 / HGT2 / DHGT
    87.5 -87.5  -2.5                                        LAT1 / LAT2 / DLAT
  -180.0 180.0   5.0                                        LON1 / LON2 / DLON
    -1                                                      EXPONENT
TEC/RMS values in 0.1 TECU; 9999, if no value available     COMMENT
                                                            END OF HEADER
[from data line 1287]
     4                                                      START OF TEC MAP
  2022     1     4     6     0     0                        EPOCH OF CURRENT MAP
    87.5-180.0 180.0   5.0 450.0                            LAT/LON1/LON2/DLON/H
   32   32   32   32   33   33   33   33   33   33   33   32   32   32   32   31
   31   31   31   30   30   30   29   29   29   29   28   28   28   28   28   28
   28   27   27   27   27   27   27   27   27   27   27   27   27   27   27   27
   27   27   27   28   28   28   28   28   28   28   29   29   29   29   29   30
   30   30   30   31   31   31   31   32   32
    85.0-180.0 180.0   5.0 450.0                            LAT/LON1/LON2/DLON/H
   34   35   35   36   36   36   37   37   37   36   36   36   35   35   34   33
   33   32   31   30   30   29   28   28   27   27   27   26   26   26   26   26
   26   26   26   26   26   27   27   27   27   27   27   26   26   26   26   26
   26   26   27   27   27   27   27   27   28   28   28   28   29   29   29   30
   30   30   31   31   32   33   33   34   34
    82.5-180.0 180.0   5.0 450.0                            LAT/LON1/LON2/DLON/H
   36   37   38   39   39   40   40   41   41   41   40   40   39   38   37   35
   34   33   31   30   29   28   27   26   26   25   25   25   25   25   25   26
   26   26   27   27   27   27   28   28   28   28   28   28   28   27   27   27
   27   27   28   28   28   28   29   29   29   29   30   30   30   30   30   30
   31   31   31   32   33   33   34   35   36
    80.0-180.0 180.0   5.0 450.0                            LAT/LON1/LON2/DLON/H
   37   38   40   41   42   43   44   44   45   45   44   43   42   41   39   38
   36   34   32   30   28   27   26   25   25   24   24   24   25   25   25   26
   26   27   27   28   29   29   29   30   30   30   30   30   30   30   30   30
   30   30   31   32   32   33   34   34   35   35   35   35   34   34   33   33
   32   32   32   33   33   34   35   36   37
    77.5-180.0 180.0   5.0 450.0                            LAT/LON1/LON2/DLON/H
   38   39   41   42   44   45   46   47   47   47   47   46   45   44   42   39
   37   35   32   30   28   27   25   25   24   24   24   25   25   26   26   27
   27   28   28   29   29   30   31   31   32   32   33   33   33   33   33   34
   35   36   37   39   40   42   43   44   45   45   45   44   43   41   40   38
   36   35   35   34   35   35   36   37   38
    75.0-180.0 180.0   5.0 450.0                            LAT/LON1/LON2/DLON/H
   39   40   41   43   44   46   47   48   49   49   49   48   47   45   43   41
   38   35   33   31   29   27   26   25   25   25   26   26   27   28   28   28
   28   28   28   29   29   30   31   32   33   33   34   35   35   36   37   39
   41   43   46   49   52   54   57   59   60   60   60   58   55   52   49   45
   43   40   39   37   37   37   37   38   39
    72.5-180.0 180.0   5.0 450.0                            LAT/LON1/LON2/DLON/H
   39   40   41   42   43   45   46   47   48   49   49   48   47   45   43   41
   38   36   34   31   30   28   27   27   27   27   28   29   29   30   30   30
   29   29   29   28   29   29   30   31   32   33   34   35   36   38   40   43
   47   51   55   60   64   69   72   75   77   77   75   73   69   64   59   54
   49   46   43   41   40   39   39   39   39
    70.0-180.0 180.0   5.0 450.0                            LAT/LON1/LON2/DLON/H
   39   39   40   40   41   43   44   45   46   47   47   46   45   44   42   40
   38   36   34   32   31   30   29   29   29   29   30   31   32   32   32   31
   30   30   29   28   28   28   28   29   29   30   32   34   36   39   43   47
   53   58   65   71   77   82   87   90   92   92   90   86   81   74   68   61
   56   51   48   45   43   42   41   40   39
    67.5-180.0 180.0   5.0 450.0                            LAT/LON1/LON2/DLON/H
   39   38   38   38   38   39   40   41   43   44   44   44   43   41   40   38
   37   36   35   33   32   32   31   30   30   31   32   33   33   33   33   32
   31   30   29   27   27   26   26   26   26   27   29   32   35   40   45   51
   58   65   73   80   87   93   98  102  103  103  100   95   89   81   74   66
   60   55   51   48   45   43   42   40   39
    65.0-180.0 180.0   5.0 450.0                            LAT/LON1/LON2/DLON/H
   39   37   36   35   34   34   35   37   39   40   41   41   40   39   37   36
   36   35   35   34   34   34   33   32   32   32   33   34   35   35   34   33
   32   30   28   27   26   25   24   24   24   25   27   31   36   42   49   56
   64   72   80   87   94  100  105  108  109  108  105   99   92   84   76   68
   62   57   53   49   47   44   42   40   39
    62.5-180.0 180.0   5.0 450.0                            LAT/LON1/LON2/DLON/H
   38   36   33   31   30   30   30   32   35   37   38   38   37   36   35   35
   35   35   35   35   35   35   35   34   33   33   34   35   36   36   35   34
   32   30   29   27   26   24   23   23   23   24   27   32   39   47   55   63
   71   79   86   93   99  104  108  110  111  110  106  100   92   84   76   69
   62   57   53   49   47   44   42   40   38
    60.0-180.0 180.0   5.0 450.0                            LAT/LON1/LON2/DLON/H
   38   35   32   29   27   26   27   29   32   34   36   36   35   34   34   34
   34   34   35   35   36   36   36   35   35   35   36   37   37   37   37   35
   33   31   29   27   26   25   24   24   24   26   31   37   46   56   65   73
   80   87   93   98  103  107  110  112  112  110  106   99   92   84   76   69
   63   58   53   49   46   44   42   40   38
    57.5-180.0 180.0   5.0 450.0                            LAT/LON1/LON2/DLON/H
   39   37   33   30   27   26   26   29   31   34   35   35   35   34   34   34
   34   34   35   35   36   37   36   36   36   37   38   39   40   40   39   37
   35   33   31   29   28   28   28   28   29   32   38   47   58   69   78   86
   92   97  101  105  108  110  112  114  113  111  107  101   94   87   80   72
   66   60   54   50   47   44   43   41   39
    55.0-180.0 180.0   5.0 450.0                            LAT/LON1/LON2/DLON/H
   42   39   36   33   30   29   29   31   33   35   36   37   36   35   35   35
   35   35   35   35   35   36   36   37   38   39   41   42   43   43   41   39
   37   35   33   32   32   32   33   35   37   42   49   59   71   83   93  100
  105  109  112  114  115  117  118  119  119  117  113  108  102   95   88   80
   72   65   58   53   49   47   45   44   42
    52.5-180.0 180.0   5.0 450.0                            LAT/LON1/LON2/DLON/H
   46   44   40   38   36   35   36   37   38   40   40   40   39   39   38   38
   37   36   35   34   34   34   36   38   40   42   44   46   47   46   45   43
   41   39   37   37   37   39   41   44   48   53   61   72   85   98  108  115
  119  122  124  125  126  126  127  127  127  126  123  118  113  107  100   92
   83   74   66   60   55   52   50   49   46
    50.0-180.0 180.0   5.0 450.0                            LAT/LON1/LON2/DLON/H
   52   49   46   44   43   43   44   45   46   46   46   46   45   44   43   42
   40   38   36   34   33   34   36   39   43   47   49   51   51   50   48   46
   45   44   43   43   45   47   50   54   59   65   74   85   98  110  121  128
  133  136  138  138  138  137  137  137  136  135  133  129  125  120  113  105
   95   85   76   69   64   61   58   55   52
    47.5-180.0 180.0   5.0 450.0                            LAT/LON1/LON2/DLON/H
   58   54   51   50   50   52   53   54   54   54   53   53   52   50   49   47
   45   43   40   37   36   36   39   43   49   53   56   56   55   54   52   51
   50   50   50   51   53   56   60   65   71   77   86   96  107  120  131  139
  145  149  151  151  150  148  146  145  144  142  139  136  133  129  123  116
  106   96   86   79   74   70   66   62   58
    45.0-180.0 180.0   5.0 450.0                            LAT/LON1/LON2/DLON/H
   63   59   56   55   56   58   61   62   62   61   62   62   61   59   56   54
   53   50   47   44   42   43   45   51   57   62   63   62   59   57   56   55
   55   56   57   59   61   64   68   74   81   89   96  105  114  126  138  147
  155  159  161  161  159  156  153  150  147  144  140  137  133  130  126  121
  113  103   94   87   83   78   73   68   63
    42.5-180.0 180.0   5.0 450.0                            LAT/LON1/LON2/DLON/H
   67   62   59   58   60   63   65   67   68   68   70   71   70   68   64   63
   62   61   58   55   53   54   57   62   69   73   72   68   63   60   58   58
   59   62   64   66   68   71   75   81   89   98  106  112  120  130  142  153
  161  166  168  167  164  160  155  150  145  139  134  128  124  121  120  118
  113  106   98   92   87   83   78   72   67
    40.0-180.0 180.0   5.0 450.0                            LAT/LON1/LON2/DLON/H
   68   64   61   60   61   64   67   70   71   73   76   79   79   77   74   73
   73   74   72   70   68   68   71   76   82   85   81   74   66   61   59   59
   62   66   69   71   72   75   79   86   96  106  114  120  125  134  145  156
  164  169  170  168  165  161  155  149  142  135  127  119  113  110  110  112
  110  104   97   91   87   83   78   73   68
    37.5-180.0 180.0   5.0 450.0                            LAT/LON1/LON2/DLON/H
   67   63   61   60   61   64   67   70   73   77   81   86   88   87   85   84
   86   87   87   85   83   83   85   89   94   95   89   77   67   60   58   59
   62   67   71   74   75   77   82   90  101  113  121  126  130  137  148  158
  165  169  169  167  164  161  157  152  145  137  127  118  110  105  106  109
  110  106   97   90   84   78   74   70   67
    35.0-180.0 180.0   5.0 450.0                            LAT/LON1/LON2/DLON/H
   64   61   60   59   59   62   65   69   73   78   85   91   95   96   96   97
   99  100  100   99   97   96   97   99  102  101   92   78   65   58   55   56
   60   67   72   74   76   78   83   92  105  118  127  132  136  142  150  159
  165  168  167  166  164  163  163  162  159  153  144  133  123  116  115  119
  121  115  105   94   85   77   71   67   64
    32.5-180.0 180.0   5.0 450.0                            LAT/LON1/LON2/DLON/H
   63   60   58   57   57   59   62   66   72   79   87   95  101  105  107  109
  110  111  110  109  106  104  103  103  104  100   90   75   62   54   50   51
   57   64   71   74   75   78   84   94  108  122  132  138  141  146  154  161
  166  167  166  166  167  170  176  183  189  189  184  174  162  152  147  147
  147  140  127  112   97   84   74   67   63
    30.0-180.0 180.0   5.0 450.0                            LAT/LON1/LON2/DLON/H
   66   61   58   56   55   56   59   63   70   78   87   97  105  111  115  118
  119  118  117  114  111  107  103  101   99   94   83   69   56   49   45   46
   52   62   69   73   74   77   85   96  111  125  137  143  148  153  159  165
  167  168  168  170  174  183  197  216  233  242  242  235  223  210  201  196
  193  184  168  148  126  106   88   75   66
    27.5-180.0 180.0   5.0 450.0                            LAT/LON1/LON2/DLON/H
   77   65   59   56   54   54   57   61   68   76   86   97  106  113  118  121
  122  121  119  116  111  105  100   95   91   84   74   61   51   44   41   42
   49   59   67   71   72   76   85   98  114  129  141  149  154  160  166  170
  171  171  172  177  185  200  223  253  281  300  307  304  293  278  264  254
  249  240  224  202  175  146  119   95   77
    25.0-180.0 180.0   5.0 450.0                            LAT/LON1/LON2/DLON/H
   95   75   65   59   57   56   58   61   67   75   85   95  102  108  113  117
  119  118  117  113  108  101   95   89   83   76   66   56   47   42   39   41
   47   58   66   69   70   76   87  102  118  134  146  155  162  168  175  178
  178  177  181  188  200  220  250  289  327  353  366  367  358  342  324  311
  304  297  284  263  234  199  162  125   95
    22.5-180.0 180.0   5.0 450.0                            LAT/LON1/LON2/DLON/H
  119   89   74   67   64   63   63   64   68   76   84   92   96   97  100  104
  108  110  110  108  103   97   91   86   79   72   63   54   47   43   41   42
   48   58   65   67   69   76   90  107  124  140  153  162  170  178  185  189
  188  188  193  203  219  242  276  319  359  388  405  410  404  389  369  353
  347  345  337  320  292  254  209  161  119
    20.0-180.0 180.0   5.0 450.0                            LAT/LON1/LON2/DLON/H
  144  106   86   78   77   76   74   72   74   80   86   91   89   84   83   87
   92   97  101  100   96   93   90   87   82   74   65   56   50   46   45   45
   51   59   65   67   69   78   94  113  132  148  160  170  179  188  197  201
  202  204  211  223  240  265  299  338  374  400  417  424  421  408  388  372
  369  372  372  362  339  302  254  197  144
    17.5-180.0 180.0   5.0 450.0                            LAT/LON1/LON2/DLON/H
  168  124  101   93   93   94   89   85   84   88   92   93   86   74   68   69
   76   84   91   93   91   90   92   92   88   81   71   62   55   52   50   50
   54   60   65   67   70   81   99  120  140  156  168  178  188  199  209  216
  220  225  233  245  263  288  317  347  374  395  409  417  416  404  385  370
  368  376  383  381  366  334  288  228  168
    15.0-180.0 180.0   5.0 450.0                            LAT/LON1/LON2/DLON/H
  190  143  117  109  111  113  107  100   98  101  104  101   89   72   60   59
   65   76   86   89   88   91   96   99   97   89   79   68   61   58   55   55
   57   62   66   67   72   85  105  128  148  164  176  187  198  210  222  232
  240  248  258  269  286  308  332  351  366  379  390  397  397  388  370  356
  356  366  377  381  372  348  307  250  190
    12.5-180.0 180.0   5.0 450.0                            LAT/LON1/LON2/DLON/H
  209  162  134  124  127  129  122  114  112  116  118  114  100   81   66   60
   64   75   86   90   91   94  101  106  105   97   85   73   66   62   60   59
   60   63   66   68   75   90  111  134  154  170  183  194  207  221  234  247
  259  271  280  290  305  324  342  351  356  363  370  375  376  368  353  341
  341  351  363  370  367  349  315  265  209
    10.0-180.0 180.0   5.0 450.0                            LAT/LON1/LON2/DLON/H
  226  181  150  137  138  139  131  123  122  127  130  128  116   99   83   75
   76   85   96  100  100  102  107  111  109  100   87   75   68   65   63   62
   62   64   66   70   78   95  117  140  159  174  188  201  215  230  244  259
  274  288  298  305  317  334  346  350  350  353  357  360  360  354  344  334
  334  341  351  358  357  344  317  276  226
     7.5-180.0 180.0   5.0 450.0                            LAT/LON1/LON2/DLON/H
  242  199  165  149  145  142  132  124  125  132  137  138  131  118  105   96
   95  103  112  115  114  113  113  113  109   99   86   74   68   66   65   64
   63   65   67   71   82  100  122  143  161  176  191  206  221  237  251  266
  282  296  305  312  322  335  344  348  350  353  356  356  354  351  347  342
  341  344  349  353  351  340  318  285  242
     5.0-180.0 180.0   5.0 450.0                            LAT/LON1/LON2/DLON/H
  257  216  180  158  148  139  126  117  118  126  134  140  139  134  125  117
  115  121  130  132  130  124  118  113  106   96   83   72   68   67   66   65
   64   64   67   72   85  104  125  145  162  177  192  208  225  240  254  267
  282  295  304  311  320  331  340  348  355  361  364  362  359  358  361  362
  360  359  360  359  354  342  323  294  257
     2.5-180.0 180.0   5.0 450.0                            LAT/LON1/LON2/DLON/H
  272  232  195  168  151  136  119  107  105  111  121  130  136  138  135  130
  130  136  143  146  143  134  123  113  103   92   80   71   68   68   67   65
   63   63   66   74   87  107  128  146  161  176  191  208  224  239  251  263
  276  287  295  304  314  325  336  350  365  376  381  378  373  375  383  389
  387  382  377  372  363  349  330  305  272
