tests/data/ionosphere_files/jplg0010.22i
     1.0            IONOSPHERE MAPS     GPS                 IONEX VERSION / TYPE
GIM V3.0            JPL - GNISD         04-jan-2022 02:37   PGM / RUN BY / DATE
JPL'S GLOBAL IONOSPHERE MAPS YEAR 2022 DAY 001              COMMENT
Global Ionospheric Maps (GIM) are generated on an hourly    DESCRIPTION
and daily basis at JPL using data from up to 100 GPS sites  DESCRIPTION
of the IGS and others institutions.                         DESCRIPTION
The vertical TEC is modeled in a solar-geomagnetic          DESCRIPTION
reference frame using bi-cubic splines on a spherical grid. DESCRIPTION
A Kalman filter is used to solve simultaneously for         DESCRIPTION
instrumental biases and VTEC on the grid (as stochastic     DESCRIPTION
parameters).                                                DESCRIPTION
Contact Address:  gpsiono@cobra.jpl.nasa.gov .              DESCRIPTION
  2022     1     1     0     0     0                        EPOCH OF FIRST MAP
  2022     1     2     0     0     0                        EPOCH OF LAST MAP
  7200                                                      INTERVAL
    13                                                      # OF MAPS IN FILE
  NONE                                                      MAPPING FUNCTION
    10.0                                                    ELEVATION CUTOFF
One-way carrier phase leveled to code                       OBSERVABLES USED
   170                                                      # OF STATIONS
    31                                                      # OF SATELLITES
  6371.0                                                    BASE RADIUS
     2                                                      MAP DIMENSION
   450.0 450.0   0.0                                        HGT1 / HGT2 / DHGT
    87.5 -87.5  -2.5                                        LAT1 / LAT2 / DLAT
  -180.0 180.0   5.0                                        LON1 / LON2 / DLON
    -1                                                      EXPONENT
TEC/RMS values in 0.1 TECU; 9999, if no value available     COMMENT
                                                            END OF HEADER
     1                                                      START OF TEC MAP
  2022     1     1     0     0     0                        EPOCH OF CURRENT MAP
    87.5-180.0 180.0   5.0 450.0                            LAT/LON1/LON2/DLON/H
   36   36   36   36   36   36   36   36   36   36   35   35   35   35   34   34
   34   33   33   33   32   32   32   31   31   31   31   31   30   30   30   30
   30   30   31   31   31   31   31   32   32   32   32   33   33   33   34   34
   34   35   35   35   35   35   35   35   35   35   35   35   35   35   35   35
   35   35   36   36   36   36   36   36   36
    85.0-180.0 180.0   5.0 450.0                            LAT/LON1/LON2/DLON/H
   40   40   41   41   41   42   42   42   42   41   41   41   40   39   39   38
   37   36   35   34   33   33   32   31   30   30   29   29   29   28   28   28
   28   28   28   29   29   29   30   31   31   32   33   34   35   36   36   37
   38   38   38   39   39   39   39   39   39   38   38   38   38   37   37   37
   37   37   37   38   38   38   39   39   40
    82.5-180.0 180.0   5.0 450.0                            LAT/LON1/LON2/DLON/H
   45   46   47   48   48   49   49   49   49   49   49   48   47   46   45   43
   42   40   39   37   36   34   33   32   31   30   30   29   28   28   28   27
   27   27   27   28   28   29   29   30   32   33   34   35   37   38   39   40
   41   42   43   43   43   43   43   42   42   41   40   39   39   38   38   38
   38   38   38   39   40   41   42   43   45
    80.0-180.0 180.0   5.0 450.0                            LAT/LON1/LON2/DLON/H
   50   51   53   54   55   55   56   56   56   56   56   55   54   53   51   49
   47   45   43   41   39   38   36   35   34   33   32   31   30   30   29   28
   28   28   27   27   28   28   29   30   32   33   35   37   38   40   42   43
   44   45   46   46   46   46   45   44   43   42   40   39   38   37   37   37
   37   38   39   40   42   44   46   48   50
    77.5-180.0 180.0   5.0 450.0                            LAT/LON1/LON2/DLON/H
   55   57   59   60   60   61   61   62   62   62   62   61   60   59   57   56
   53   51   49   46   44   42   40   39   38   37   36   35   34   33   32   31
   30   29   28   28   28   28   29   30   31   33   35   37   39   41   42   44
   45   46   46   46   46   45   44   43   41   40   38   36   35   34   34   34
   35   37   39   41   44   47   50   53   55
    75.0-180.0 180.0   5.0 450.0                            LAT/LON1/LON2/DLON/H
   62   64   65   66   66   66   66   66   66   66   66   66   66   65   63   61
   59   56   54   51   49   47   46   44   43   42   41   40   39   37   36   34
   32   30   28   27   27   27   27   28   30   31   33   35   37   39   40   41
   42   43   43   43   42   41   40   39   37   35   33   32   31   30   30   31
   33   36   39   43   47   51   55   59   62
    72.5-180.0 180.0   5.0 450.0                            LAT/LON1/LON2/DLON/H
   71   73   73   73   72   71   70   69   70   70   70   70   70   69   68   65
   63   60   58   56   54   52   51   50   49   48   46   45   43   41   38   35
   33   30   28   26   25   24   25   26   27   29   31   33   34   35   36   37
   37   37   37   37   36   35   34   33   31   29   28   26   26   26   26   28
   31   35   40   45   51   57   63   67   71
    70.0-180.0 180.0   5.0 450.0                            LAT/LON1/LON2/DLON/H
   82   84   84   82   79   77   75   74   73   73   73   73   72   71   69   67
   65   63   61   59   58   56   55   54   53   52   50   47   44   41   38   34
   31   28   26   24   22   22   22   23   24   26   27   29   30   30   31   31
   30   30   30   29   29   28   27   26   25   24   23   22   22   23   24   27
   31   36   42   49   56   64   72   78   82
    67.5-180.0 180.0   5.0 450.0                            LAT/LON1/LON2/DLON/H
   94   96   95   93   89   85   81   79   77   76   75   74   73   70   68   65
   63   62   61   60   59   57   56   55   54   53   51   47   43   39   35   31
   28   25   23   21   20   20   20   21   22   23   24   25   26   26   26   25
   24   24   23   23   22   22   21   21   20   20   20   20   21   22   25   28
   33   38   45   53   63   73   82   89   94
    65.0-180.0 180.0   5.0 450.0                            LAT/LON1/LON2/DLON/H
  106  108  108  104  100   94   90   85   82   80   78   75   72   69   65   63
   61   60   59   58   57   55   54   53   53   51   49   45   40   35   31   27
   24   22   21   20   19   19   19   20   21   22   22   23   23   23   23   22
   21   20   19   18   18   18   18   18   18   19   20   21   23   25   29   33
   37   43   50   58   69   80   91  100  106
    62.5-180.0 180.0   5.0 450.0                            LAT/LON1/LON2/DLON/H
  115  119  119  116  111  105   98   93   88   84   81   77   72   68   64   60
   58   57   56   55   53   51   50   49   49   48   46   42   37   32   28   25
   22   21   20   20   20   20   20   21   22   22   23   24   24   24   23   22
   20   19   18   17   16   16   17   17   18   20   22   25   28   32   36   40
   44   49   55   63   73   85   97  108  115
    60.0-180.0 180.0   5.0 450.0                            LAT/LON1/LON2/DLON/H
  121  126  128  126  121  115  108  101   95   90   85   80   75   69   64   60
   57   54   53   51   49   47   45   45   45   45   43   40   36   32   28   25
   24   23   23   23   23   24   24   25   25   26   27   28   28   28   27   25
   23   21   19   18   17   17   18   19   21   23   27   31   35   40   45   49
   53   57   62   68   77   88  101  112  121
    57.5-180.0 180.0   5.0 450.0                            LAT/LON1/LON2/DLON/H
  124  130  134  133  130  124  117  109  102   96   91   85   80   74   68   63
   58   54   51   49   46   44   43   43   44   44   43   41   38   35   32   30
   29   28   28   29   29   30   30   31   32   33   35   36   36   36   34   32
   29   26   24   22   21   21   21   22   25   28   33   38   44   50   55   60
   64   66   69   74   81   91  103  114  124
    55.0-180.0 180.0   5.0 450.0                            LAT/LON1/LON2/DLON/H
  127  134  139  140  138  133  126  118  110  103   97   92   86   81   75   69
   62   57   52   49   47   45   44   45   46   47   47   46   44   43   41   39
   38   37   36   36   37   38   39   40   41   43   45   46   46   45   43   40
   37   34   31   29   27   27   26   28   30   34   40   47   54   61   67   72
   75   77   79   82   88   97  108  118  127
    52.5-180.0 180.0   5.0 450.0                            LAT/LON1/LON2/DLON/H
  133  140  144  146  144  140  134  127  119  111  104   99   94   89   83   76
   68   61   56   53   51   50   50   51   52   54   54   54   54   53   52   50
   49   47   46   46   46   47   49   50   52   54   56   56   56   55   52   49
   45   42   40   38   36   35   34   34   37   41   48   55   63   71   78   84
   87   89   92   95  101  108  117  126  133
    50.0-180.0 180.0   5.0 450.0                            LAT/LON1/LON2/DLON/H
  144  147  150  151  150  147  142  135  127  119  111  105  101   96   91   84
   75   67   62   59   58   58   59   60   62   63   64   64   64   64   64   63
   61   59   58   56   56   57   59   61   63   65   66   67   66   64   60   57
   54   51   49   47   46   44   42   42   44   49   56   65   73   82   89   95
   99  103  107  112  119  127  134  140  144
    47.5-180.0 180.0   5.0 450.0                            LAT/LON1/LON2/DLON/H
  160  158  156  154  153  151  147  142  135  126  117  110  105  102   97   89
   80   73   68   66   67   68   70   72   73   74   74   74   74   74   74   74
   73   71   69   67   66   67   69   71   73   74   75   75   73   71   67   64
   62   60   59   58   56   53   51   50   52   57   65   74   83   92   99  105
  110  116  123  131  140  148  156  160  160
    45.0-180.0 180.0   5.0 450.0                            LAT/LON1/LON2/DLON/H
  177  170  162  156  153  151  151  148  142  133  124  115  109  105  100   93
   84   77   74   74   76   79   81   83   84   84   84   83   83   83   83   84
   84   82   79   76   75   76   77   79   81   82   82   81   79   76   73   71
   69   68   68   67   65   63   60   58   60   65   73   83   92  100  107  113
  119  126  135  146  158  169  177  180  177
    42.5-180.0 180.0   5.0 450.0                            LAT/LON1/LON2/DLON/H
  190  179  167  156  149  148  151  152  148  141  130  120  113  107  102   95
   87   82   80   82   85   89   92   93   93   93   92   91   90   89   89   91
   92   91   88   84   82   82   83   85   86   86   86   85   84   81   78   76
   75   75   75   75   74   71   67   65   67   73   82   92  101  108  113  117
  123  131  141  154  168  181  191  195  190
    40.0-180.0 180.0   5.0 450.0                            LAT/LON1/LON2/DLON/H
  196  184  168  153  144  144  149  155  155  149  139  128  119  112  106   98
   91   86   86   89   93   97  100  101  101   99   98   96   94   93   93   95
   97   97   93   89   86   85   86   87   88   89   89   89   87   85   83   82
   81   80   81   81   80   77   73   71   74   81   91  101  109  115  118  120
  124  131  140  152  166  181  194  199  196
    37.5-180.0 180.0   5.0 450.0                            LAT/LON1/LON2/DLON/H
  192  184  168  151  140  140  148  157  162  159  151  139  129  120  113  104
   96   92   92   95  100  104  106  106  105  103  101   99   96   94   94   97
  100   99   95   91   87   87   87   88   89   91   92   92   91   90   88   87
   85   84   84   84   84   81   77   76   79   88   99  110  118  123  124  124
  126  129  135  144  155  169  182  191  192
    35.0-180.0 180.0   5.0 450.0                            LAT/LON1/LON2/DLON/H
  183  181  168  151  139  138  148  160  168  169  164  153  142  133  124  114
  104   98   97  100  103  107  108  107  105  104  102   99   96   94   94   97
   99   98   95   91   88   86   87   88   89   91   93   95   95   94   93   91
   89   86   85   85   85   82   79   78   83   93  106  119  129  134  134  133
  131  131  133  137  144  154  166  177  183
    32.5-180.0 180.0   5.0 450.0                            LAT/LON1/LON2/DLON/H
  178  181  172  156  143  141  150  163  172  177  175  167  157  149  139  127
  115  107  103  103  104  106  106  104  101  100  100   97   94   92   93   96
   97   97   93   90   87   86   85   86   88   91   94   97   98   98   97   94
   90   86   83   84   83   81   77   78   84   97  113  129  141  148  149  148
  144  140  137  139  143  149  158  168  178
    30.0-180.0 180.0   5.0 450.0                            LAT/LON1/LON2/DLON/H
  186  191  186  171  157  151  155  164  174  181  182  177  171  164  155  142
  127  115  108  104  102  101   99   96   94   95   97   96   92   91   93   96
   97   95   93   91   88   85   84   83   85   90   94   98  100  100   98   94
   88   83   80   79   79   76   74   75   84  100  120  139  155  166  171  171
  166  159  155  157  161  164  169  176  186
    27.5-180.0 180.0   5.0 450.0                            LAT/LON1/LON2/DLON/H
  214  217  214  201  184  173  168  168  172  178  182  182  179  175  167  154
  138  123  112  104   98   94   91   88   88   93   97   97   95   93   96   99
   99   97   95   94   91   86   83   81   83   88   93   98  101  100   97   92
   84   77   74   73   73   71   69   72   83  102  126  150  171  186  196  200
  195  188  186  194  204  209  210  210  214
    25.0-180.0 180.0   5.0 450.0                            LAT/LON1/LON2/DLON/H
  267  264  261  249  230  210  193  180  173  174  176  179  181  180  175  163
  146  129  114  103   94   88   85   84   88   97  104  106  103  102  105  107
  106  103  102  100   96   89   83   79   80   85   91   96   99   98   94   86
   78   70   67   67   66   65   65   70   83  105  132  161  186  207  223  230
  227  221  224  242  263  276  278  273  267
    22.5-180.0 180.0   5.0 450.0                            LAT/LON1/LON2/DLON/H
  333  327  327  319  298  269  236  204  183  173  171  173  177  179  176  165
  148  131  115  102   92   85   83   88   99  112  123  126  122  120  121  121
  117  113  111  109  103   93   84   79   78   81   87   92   95   94   88   80
   71   64   61   61   61   61   62   70   86  110  140  171  201  227  248  259
  258  254  263  291  324  348  355  347  333
    20.0-180.0 180.0   5.0 450.0                            LAT/LON1/LON2/DLON/H
  398  393  401  403  386  351  301  248  207  183  172  170  173  175  172  162
  147  130  115  102   91   86   89  103  122  141  154  156  150  145  143  141
  134  126  123  120  111   99   87   80   77   79   83   87   90   88   82   74
   65   59   58   58   59   59   63   73   92  117  148  181  214  244  268  283
  284  282  296  332  375  409  424  416  398
    17.5-180.0 180.0   5.0 450.0                            LAT/LON1/LON2/DLON/H
  446  447  468  484  477  443  383  313  251  209  184  174  172  171  167  157
  144  129  115  103   95   93  103  127  154  178  191  191  181  173  169  164
  154  143  137  132  120  105   92   82   77   77   79   82   84   82   76   69
   62   58   57   58   59   60   66   80  100  126  156  190  225  258  284  301
  304  303  317  353  400  441  464  461  446
    15.0-180.0 180.0   5.0 450.0                            LAT/LON1/LON2/DLON/H
  463  476  511  544  552  526  465  385  310  251  211  189  177  171  163  153
  140  127  115  107  103  106  124  156  189  214  226  224  212  201  196  189
  177  163  153  144  130  113   98   86   80   77   77   79   79   77   71   66
   61   59   59   60   61   63   71   87  109  135  165  198  234  268  295  312
  317  317  328  357  397  436  463  468  463
    12.5-180.0 180.0   5.0 450.0                            LAT/LON1/LON2/DLON/H
  445  468  515  565  591  581  529  451  369  300  248  213  192  176  163  150
  137  126  118  115  116  126  151  187  220  242  252  249  236  226  221  214
  201  185  170  156  138  120  104   92   84   79   77   77   76   72   68   64
   63   63   63   63   63   66   75   94  118  144  172  204  240  274  301  319
  325  325  331  348  376  406  431  441  445
    10.0-180.0 180.0   5.0 450.0                            LAT/LON1/LON2/DLON/H
  406  432  480  535  576  588  559  495  418  346  287  243  211  187  167  151
  138  128  124  127  136  153  183  217  241  255  262  259  249  243  241  238
  225  206  187  167  146  126  110   98   90   85   81   78   74   70   66   65
   66   67   67   65   64   68   79   99  124  150  177  208  243  276  303  320
  328  328  328  334  347  365  384  396  406
     7.5-180.0 180.0   5.0 450.0                            LAT/LON1/LON2/DLON/H
  362  384  424  472  517  546  543  505  445  379  320  271  232  200  175  155
  141  133  134  144  161  186  218  244  252  253  257  257  254  254  258  258
  246  225  202  177  152  131  115  104   97   92   87   82   75   70   67   68
   70   72   70   67   65   68   81  101  127  153  180  211  244  275  300  317
  327  328  326  322  323  328  339  350  362
     5.0-180.0 180.0   5.0 450.0                            LAT/LON1/LON2/DLON/H
  329  343  366  400  439  476  496  484  445  393  341  294  252  216  186  163
  148  142  147  164  189  221  252  266  256  242  243  249  254  262  271  273
  261  239  212  183  156  135  120  110  105  100   95   88   80   74   72   73
   75   76   73   67   64   68   81  103  128  154  181  211  242  271  294  311
  322  326  324  318  312  310  313  321  329
     2.5-180.0 180.0   5.0 450.0                            LAT/LON1/LON2/DLON/H
  324  326  331  343  368  406  441  451  430  391  350  310  270  232  199  173
  158  155  164  187  219  254  282  283  255  229  228  239  253  268  280  282
  269  246  218  187  158  136  123  115  112  109  104   97   89   82   80   80
   81   80   75   67   63   68   82  103  128  154  181  210  238  265  287  304
  317  323  324  319  314  311  313  319  324
