tests/data/ionosphere_files/jplg0040.22i
     1.0            IONOSPHERE MAPS     GPS                 IONEX VERSION / TYPE
GIM V3.0            JPL - GNISD         07-jan-2022 02:35   PGM / RUN BY / DATE
JPL'S GLOBAL IONOSPHERE MAPS YEAR 2022 DAY 004              COMMENT
Global Ionospheric Maps (GIM) are generated on an hourly    DESCRIPTION
and daily basis at JPL using data from up to 100 GPS sites  DESCRIPTION
of the IGS and others institutions.                         DESCRIPTION
The vertical TEC is modeled in a solar-geomagnetic          DESCRIPTION
reference frame using bi-cubic splines on a spherical grid. DESCRIPTION
A Kalman filter is used to solve simultaneously for         DESCRIPTION
instrumental biases and VTEC on the grid (as stochastic     DESCRIPTION
parameters).                                                DESCRIPTION
Contact Address:  gpsiono@cobra.jpl.nasa.gov .              DESCRIPTION
  2022     1     4     0     0     0                        EPOCH OF FIRST MAP
  2022     1     5     0     0     0                        EPOCH OF LAST MAP
  7200                                                      INTERVAL
    13                                                      # OF MAPS IN FILE
  NONE                                                      MAPPING FUNCTION
    10.0                                                    ELEVATION CUTOFF
One-way carrier phase leveled to code                       OBSERVABLES USED
   170                                                      # OF STATIONS
    31                                                      # OF SATELLITES
  6371.0                                                    BASE RADIUS
     2                                                      MAP DIMENSION
   450.0 450.0   0.0                                        HGT1 / HGT2 / DHGT
    87.5 -87.5  -2.5                                        LAT1 / LAT2 / DLAT
  -180.0 180.0   5.0                                        LON1 / LON2 / DLON
    -1                                                      EXPONENT
TEC/RMS values in 0.1 TECU; 9999, if no value available     COMMENT
                                                            END OF HEADER
[from data line 3432]
     9                                                      START OF TEC MAP
  2022     1     4    16     0     0                        EPOCH OF CURRENT MAP
    87.5-180.0 180.0   5.0 450.0                            LAT/LON1/LON2/DLON/H
   39   39   39   39   39   39   40   40   40   39   39   39   39   39   39   38
   38   38   37   37   37   36   36   35   35   34   34   33   33   32   32   31
   31   31   30   30   30   29   29   29   29   29   29   29   29   29   29   29
   29   29   30   30   30   31   31   31   32   32   33   33   34   34   35   35
   36   36   37   37   37   38   38   38   39
    85.0-180.0 180.0   5.0 450.0                            LAT/LON1/LON2/DLON/H
   43   43   44   44   44   44   44   44   44   44   44   44   44   43   43   43
   42   42   41   41   40   39   38   37   37   36   35   34   33   32   31   30
   29   28   28   27   26   26   26   25   25   25   25   25   25   25   25   25
   26   26   26   27   27   28   29   29   30   31   32   33   34   35   36   37
   38   39   39   40   41   42   42   43   43
    82.5-180.0 180.0   5.0 450.0                            LAT/LON1/LON2/DLON/H
   45   46   46   46   46   46   46   46   47   47   47   47   47   47   47   47
   46   46   45   45   44   43   42   41   40   38   37   36   34   33   31   30
   28   27   26   25   24   24   23   23   23   23   23   23   23   23   23   23
   24   24   24   25   25   26   27   28   29   30   31   32   33   35   36   38
   39   40   41   42   43   44   45   45   45
    80.0-180.0 180.0   5.0 450.0                            LAT/LON1/LON2/DLON/H
   46   46   46   46   46   46   46   47   47   48   48   49   49   50   50   50
   50   50   50   49   49   48   47   46   44   43   41   39   37   35   33   31
   29   27   26   25   24   23   23   22   22   22   22   22   22   22   22   22
   22   23   23   23   24   24   25   26   26   27   29   30   32   33   35   37
   39   41   42   43   44   45   46   46   46
    77.5-180.0 180.0   5.0 450.0                            LAT/LON1/LON2/DLON/H
   44   44   44   44   44   44   45   45   46   47   48   50   51   51   52   53
   54   54   54   54   54   54   53   52   50   49   46   44   41   39   36   33
   31   29   27   26   25   24   24   23   23   23   23   23   22   22   22   22
   22   22   22   22   22   22   22   23   23   24   25   26   28   30   32   34
   37   39   41   43   44   44   45   44   44
    75.0-180.0 180.0   5.0 450.0                            LAT/LON1/LON2/DLON/H
   41   41   40   40   40   41   42   43   44   46   47   49   51   52   54   55
   57   58   59   60   60   60   60   59   58   56   53   51   47   44   40   37
   34   31   29   28   27   26   25   25   25   25   24   24   24   23   22   22
   21   21   20   20   20   20   20   20   20   20   21   22   23   25   27   30
   33   36   38   40   41   42   42   42   41
    72.5-180.0 180.0   5.0 450.0                            LAT/LON1/LON2/DLON/H
   37   37   37   37   37   38   39   40   41   43   45   47   49   51   54   56
   59   61   63   65   66   68   68   68   67   64   61   58   54   50   46   42
   38   35   32   31   29   28   28   27   27   27   26   26   25   24   23   22
   20   20   19   18   18   17   17   17   17   16   17   17   18   20   22   26
   29   32   35   37   38   38   38   38   37
    70.0-180.0 180.0   5.0 450.0                            LAT/LON1/LON2/DLON/H
   33   33   34   34   35   36   37   37   38   40   41   43   46   49   52   56
   60   63   67   70   73   75   77   77   76   73   69   65   61   56   51   47
   42   39   36   34   32   31   31   30   30   29   28   27   26   24   23   21
   20   18   17   17   16   15   15   15   14   14   14   14   15   16   18   22
   25   29   32   34   35   35   34   34   33
    67.5-180.0 180.0   5.0 450.0                            LAT/LON1/LON2/DLON/H
   31   31   32   33   34   35   35   35   36   36   38   40   43   46   50   55
   60   65   70   74   78   82   86   87   86   82   77   72   67   62   56   52
   47   43   40   38   36   35   34   33   32   31   30   29   27   25   23   21
   19   18   17   16   15   14   14   14   14   14   14   14   14   15   16   19
   23   27   30   32   32   32   31   31   31
    65.0-180.0 180.0   5.0 450.0                            LAT/LON1/LON2/DLON/H
   30   31   33   35   36   36   35   35   34   34   35   37   40   44   48   54
   60   66   72   77   83   89   94   97   96   91   85   79   73   67   62   57
   52   48   45   42   41   39   38   36   35   34   32   30   28   26   24   22
   20   18   16   15   14   14   14   15   15   16   17   17   17   17   18   20
   23   27   29   31   31   31   30   30   30
    62.5-180.0 180.0   5.0 450.0                            LAT/LON1/LON2/DLON/H
   32   34   37   39   40   39   38   36   34   34   34   35   38   42   48   54
   60   67   74   81   88   96  102  106  105  100   94   86   80   74   68   63
   58   54   50   48   46   44   42   40   39   37   35   33   30   28   25   22
   20   19   17   16   16   15   16   17   19   21   23   23   23   22   22   23
   26   29   31   33   33   32   31   31   32
    60.0-180.0 180.0   5.0 450.0                            LAT/LON1/LON2/DLON/H
   37   40   43   45   45   44   42   39   37   35   35   37   39   43   49   56
   63   70   78   85   93  101  109  113  113  109  103   95   88   82   77   71
   65   61   57   54   52   50   48   45   43   41   38   36   33   30   27   24
   22   21   20   19   18   18   19   21   25   28   31   32   31   29   28   29
   30   33   35   36   36   35   35   35   37
    57.5-180.0 180.0   5.0 450.0                            LAT/LON1/LON2/DLON/H
   44   48   51   54   54   51   48   44   41   39   39   40   43   47   53   60
   68   76   84   90   97  106  113  118  120  117  112  106  100   94   88   81
   74   69   65   62   60   57   55   51   48   45   42   40   37   33   30   27
   25   24   24   23   23   23   24   28   32   37   40   41   40   38   36   35
   36   37   39   40   40   40   40   41   44
    55.0-180.0 180.0   5.0 450.0                            LAT/LON1/LON2/DLON/H
   53   57   61   63   63   61   56   51   48   45   45   46   49   54   60   69
   77   86   92   97  102  108  115  120  123  123  121  118  113  108  101   93
   85   78   73   70   68   65   62   58   54   51   47   45   41   38   34   32
   30   29   29   29   30   30   32   36   41   46   49   51   49   46   44   42
   42   43   44   45   45   45   46   48   53
    52.5-180.0 180.0   5.0 450.0                            LAT/LON1/LON2/DLON/H
   60   66   70   73   73   71   66   60   56   53   53   54   57   62   69   78
   88   97  102  105  107  110  114  119  124  127  130  129  127  121  114  105
   95   87   82   79   76   74   70   66   61   57   53   50   47   44   40   38
   37   36   37   38   38   40   42   46   51   55   58   59   57   55   51   49
   48   48   49   49   49   50   52   55   60
    50.0-180.0 180.0   5.0 450.0                            LAT/LON1/LON2/DLON/H
   66   72   77   81   82   80   75   70   65   62   62   63   66   71   79   89
  100  109  114  114  113  113  114  118  123  130  136  139  138  133  126  115
  105   96   90   87   85   83   79   74   68   63   60   57   54   51   48   46
   45   45   46   47   49   51   53   57   61   64   66   66   65   62   58   55
   54   53   53   53   53   54   56   60   66
    47.5-180.0 180.0   5.0 450.0                            LAT/LON1/LON2/DLON/H
   68   74   80   84   87   86   82   77   74   72   72   73   75   80   88   98
  110  120  125  124  121  118  117  118  123  131  139  144  145  141  133  122
  111  103   98   96   94   92   88   82   76   71   67   64   62   59   57   55
   54   54   55   57   59   61   64   66   69   71   72   72   70   68   64   61
   58   57   56   56   57   57   59   63   68
    45.0-180.0 180.0   5.0 450.0                            LAT/LON1/LON2/DLON/H
   68   73   78   83   86   87   85   82   81   81   82   83   85   88   95  105
  117  129  135  136  133  129  125  123  125  131  139  145  146  143  135  125
  116  109  105  104  103  100   96   90   83   78   75   72   70   68   66   64
   63   63   64   66   68   71   72   74   75   75   75   75   74   72   69   65
   62   60   59   59   59   60   61   64   68
    42.5-180.0 180.0   5.0 450.0                            LAT/LON1/LON2/DLON/H
   65   68   73   77   81   82   82   83   85   89   92   93   94   96  101  110
  122  135  145  150  150  146  140  133  131  133  137  141  143  141  135  127
  120  115  113  112  110  108  103   97   91   86   83   80   78   76   74   73
   72   71   72   74   76   77   78   78   77   76   76   76   75   73   71   67
   64   61   61   61   61   61   62   63   65
    40.0-180.0 180.0   5.0 450.0                            LAT/LON1/LON2/DLON/H
   61   63   65   69   72   74   76   80   87   96  101  103  103  105  108  114
  126  141  155  164  168  166  158  148  139  135  134  137  139  140  137  131
  126  123  121  120  117  114  109  103   98   93   90   87   85   83   81   79
   78   77   78   80   81   82   81   79   77   75   74   75   75   73   71   67
   64   62   62   62   63   62   62   61   61
    37.5-180.0 180.0   5.0 450.0                            LAT/LON1/LON2/DLON/H
   58   57   58   60   62   64   67   74   87  101  110  113  113  113  115  119
  130  146  163  176  185  185  176  161  148  138  134  135  139  143  144  141
  138  135  132  129  125  120  115  109  104  100   97   93   90   88   86   84
   82   81   82   83   85   84   82   79   75   73   72   73   73   72   70   67
   64   63   63   63   64   63   62   59   58
    35.0-180.0 180.0   5.0 450.0                            LAT/LON1/LON2/DLON/H
   55   53   52   53   54   55   58   68   87  106  119  123  124  124  124  127
  135  150  168  184  196  198  188  171  154  142  137  139  147  155  160  160
  157  152  146  141  135  129  122  116  111  107  103   98   95   92   89   87
   85   84   84   85   86   85   81   77   73   70   69   70   71   71   68   66
   64   63   64   65   66   65   62   58   55
    32.5-180.0 180.0   5.0 450.0                            LAT/LON1/LON2/DLON/H
   54   50   49   49   49   48   52   64   86  110  126  133  135  136  136  137
  142  154  170  185  197  200  190  172  156  146  144  151  163  176  185  187
  183  175  166  157  149  140  132  125  118  113  108  104  100   97   94   91
   87   85   84   85   85   84   80   75   71   68   68   69   70   69   67   65
   65   65   67   69   69   68   64   59   54
    30.0-180.0 180.0   5.0 450.0                            LAT/LON1/LON2/DLON/H
   54   50   49   49   47   46   49   62   87  114  133  142  146  148  148  148
  151  158  169  180  189  190  181  165  153  150  156  169  188  205  217  221
  215  203  190  179  168  157  146  136  127  120  115  111  107  105  102   97
   91   86   83   82   83   82   78   73   70   67   67   69   69   68   66   65
   66   69   71   73   74   72   67   60   54
    27.5-180.0 180.0   5.0 450.0                            LAT/LON1/LON2/DLON/H
   57   52   50   50   48   46   49   63   88  116  137  149  156  159  161  160
  160  163  167  172  176  175  166  155  149  156  171  193  217  238  253  257
  250  235  220  206  192  178  164  150  138  129  124  121  119  118  115  107
   96   87   82   80   80   80   77   73   70   68   68   69   70   68   66   66
   69   73   77   79   80   77   72   64   57
    25.0-180.0 180.0   5.0 450.0                            LAT/LON1/LON2/DLON/H
   61   55   53   52   50   48   51   65   89  118  140  155  164  170  172  171
  170  169  167  165  163  158  151  145  149  165  191  219  248  272  289  294
  286  271  254  237  221  203  185  167  152  142  137  136  137  137  133  120
  103   90   82   79   80   80   78   74   71   70   70   71   71   69   67   68
   73   78   82   85   86   84   78   69   61
    22.5-180.0 180.0   5.0 450.0                            LAT/LON1/LON2/DLON/H
   65   58   56   55   53   51   54   68   91  119  143  160  171  178  181  181
  180  178  172  163  154  146  140  141  155  181  215  248  278  304  322  328
  321  305  287  269  250  229  208  186  169  158  154  156  159  160  153  135
  113   95   85   81   83   84   82   78   75   73   73   74   74   72   71   72
   77   82   86   89   91   89   84   74   65
    20.0-180.0 180.0   5.0 450.0                            LAT/LON1/LON2/DLON/H
   69   62   58   57   55   54   58   71   94  121  146  165  178  186  189  191
  192  191  182  169  154  142  139  148  171  205  243  277  306  331  350  357
  349  334  316  297  276  253  230  208  189  177  174  177  181  181  172  150
  123  103   92   89   91   93   90   85   80   77   77   77   78   77   77   78
   81   85   88   90   92   91   87   78   69
    17.5-180.0 180.0   5.0 450.0                            LAT/LON1/LON2/DLON/H
   70   64   60   58   57   57   62   76   99  125  150  170  185  194  198  202
  207  208  199  182  163  148  147  164  195  233  272  304  329  352  369  376
  369  354  336  317  296  274  251  230  211  199  195  198  200  198  186  162
  133  113  104  102  105  105  101   93   87   83   81   82   83   84   85   85
   85   86   86   87   88   89   86   79   70
    15.0-180.0 180.0   5.0 450.0                            LAT/LON1/LON2/DLON/H
   69   63   59   58   57   59   65   81  105  131  155  176  193  204  210  215
  224  228  220  202  179  162  163  187  224  263  299  326  346  364  378  383
  375  361  345  328  309  290  271  252  235  222  217  216  213  207  192  168
  142  125  118  118  120  120  113  104   95   89   87   87   89   92   94   94
   91   87   83   81   81   82   80   75   69
    12.5-180.0 180.0   5.0 450.0                            LAT/LON1/LON2/DLON/H
   64   60   57   56   56   59   68   87  112  139  163  183  202  215  224  233
  245  252  245  226  202  184  186  214  254  291  321  342  355  366  374  375
  368  357  345  333  319  303  288  273  258  246  238  230  219  207  192  170
  149  136  132  132  134  132  124  113  103   96   93   93   97  102  106  104
   99   90   82   76   74   73   72   69   64
    10.0-180.0 180.0   5.0 450.0                            LAT/LON1/LON2/DLON/H
   58   55   52   52   54   59   70   91  119  147  170  191  212  228  241  255
  270  278  273  255  231  212  215  244  282  314  335  347  353  358  360  360
  354  348  342  336  327  316  305  294  282  270  258  241  221  203  187  170
  154  146  143  143  143  140  132  122  112  104  100  100  104  112  118  118
  110   99   86   76   69   66   64   62   58
     7.5-180.0 180.0   5.0 450.0                            LAT/LON1/LON2/DLON/H
   54   50   48   48   51   57   70   94  126  155  178  200  222  242  259  277
  294  304  301  285  263  245  247  274  307  329  341  346  346  346  345  344
  343  343  343  342  338  331  323  313  303  292  276  251  222  199  183  170
  159  152  149  146  144  141  136  128  120  112  107  107  113  123  132  133
  126  113   98   84   72   64   60   57   54
     5.0-180.0 180.0   5.0 450.0                            LAT/LON1/LON2/DLON/H
   52   48   45   45   48   54   69   96  130  161  185  207  231  254  275  296
  316  328  327  314  295  279  280  303  328  340  342  340  338  336  335  338
  343  350  356  359  356  349  339  329  320  309  291  259  224  199  184  173
  164  157  150  145  141  140  137  134  128  121  115  116  122  134  146  150
  144  133  117  100   83   70   62   57   52
     2.5-180.0 180.0   5.0 450.0                            LAT/LON1/LON2/DLON/H
   56   50   46   45   48   54   70   98  134  166  191  214  238  262  287  310
  331  345  348  340  325  311  311  328  345  347  340  335  334  334  339  349
  364  377  385  384  377  366  353  341  330  320  300  266  230  205  191  181
  171  161  150  141  137  137  139  140  137  131  125  125  132  145  158  165
  163  154  140  121  101   83   72   64   56
