tests/data/ionosphere_files/jplg0040.22i
     1.0            IONOSPHERE MAPS     GPS                 IONEX VERSION / TYPE
GIM V3.0            JPL - GNISD         07-jan-2022 02:35   PGM / RUN BY / DATE
JPL'S GLOBAL IONOSPHERE MAPS YEAR 2022 DAY 004              COMMENT
Global Ionospheric Maps (GIM) are generated on an hourly    DESCRIPTION
and daily basis at JPL using data from up to 100 GPS sites  DESCRIPTION
of the IGS and others institutions.                         DESCRIPTION
The vertical TEC is modeled in a solar-geomagnetic          DESCRIPTION
reference frame using bi-cubic splines on a spherical grid. DESCRIPTION
A Kalman filter is used to solve simultaneously for         DESCRIPTION
instrumental biases and VTEC on the grid (as stochastic     DESCRIPTION
parameters).                                                DESCRIPTION
Contact Address:  gpsiono@cobra.jpl.nasa.gov .              DESCRIPTION
  2022     1     4     0     0     0                        EPOCH OF FIRST MAP
  2022     1     5     0     0     0                        EPOCH OF LAST MAP
  7200                                                      INTERVAL
    13                                                      # OF MAPS IN FILE
  NONE                                                      MAPPING FUNCTION
    10.0                                                    ELEVATION CUTOFF
One-way carrier phase leveled to code                       OBSERVABLES USED
   170                                                      # OF STATIONS
    31                                                      # OF SATELLITES
  6371.0                                                    BASE RADIUS
     2                                                      MAP DIMENSION
   450.0 450.0   0.0                                        HGT1 / HGT2 / DHGT
    87.5 -87.5  -2.5                                        LAT1 / LAT2 / DLAT
  -180.0 180.0   5.0                                        LON1 / LON2 / DLON
    -1                                                      EXPONENT
TEC/RMS values in 0.1 TECU; 9999, if no value available     COMMENT
                                                            END OF HEADER
[from data line 3003]
     8                                                      START OF TEC MAP
  2022     1     4    14     0     0                        EPOCH OF CURRENT MAP
    87.5-180.0 180.0   5.0 450.0                            LAT/LON1/LON2/DLON/H
   28   28   28   28   29   29   29   29   29   29   30   30   30   30   30   29
   29   29   29   29   29   28   28   28   28   27   27   27   26   26   26   25
   25   25   24   24   24   23   23   23   23   22   22   22   22   22   22   22
   22   22   22   22   22   22   22   22   22   23   23   23   23   24   24   24
   25   25   25   26   26   27   27   27   28
    85.0-180.0 180.0   5.0 450.0                            LAT/LON1/LON2/DLON/H
   31   32   32   33   33   34   34   34   34   35   35   35   35   35   35   35
   34   34   34   34   33   33   32   32   31   31   30   30   29   28   27   27
   26   25   25   24   24   23   23   22   22   22   22   22   21   21   21   21
   21   21   21   21   21   21   21   21   21   22   22   22   23   23   24   25
   25   26   27   28   28   29   30   31   31
    82.5-180.0 180.0   5.0 450.0                            LAT/LON1/LON2/DLON/H
   35   36   37   37   38   38   39   39   39   39   39   39   39   39   39   39
   39   39   39   39   38   38   37   37   36   35   35   34   33   32   31   29
   28   27   26   25   25   24   23   23   23   23   23   23   22   22   22   22
   22   22   22   21   21   21   21   21   21   21   21   22   22   23   24   25
   26   27   28   30   31   32   33   34   35
    80.0-180.0 180.0   5.0 450.0                            LAT/LON1/LON2/DLON/H
   38   39   40   41   42   42   43   43   43   43   43   43   42   42   42   42
   43   43   43   43   43   43   42   42   42   41   40   39   38   36   35   33
   32   30   29   27   26   26   25   24   24   24   24   24   24   24   24   24
   24   24   23   23   22   22   21   21   21   21   21   21   22   23   24   25
   27   28   29   31   32   34   35   37   38
    77.5-180.0 180.0   5.0 450.0                            LAT/LON1/LON2/DLON/H
   40   41   43   44   44   45   45   45   44   44   44   44   43   44   44   44
   44   45   45   46   46   47   47   47   47   47   47   46   44   43   41   39
   37   35   33   31   30   28   27   27   27   26   26   26   26   27   27   26
   26   26   25   24   24   23   22   21   20   20   20   20   21   22   23   24
   26   28   29   31   33   34   36   38   40
    75.0-180.0 180.0   5.0 450.0                            LAT/LON1/LON2/DLON/H
   40   42   44   45   46   46   45   45   44   43   43   43   43   43   44   45
   45   46   47   48   49   50   51   52   53   53   53   53   52   50   48   46
   43   41   38   36   34   33   31   30   30   29   29   29   29   28   28   28
   28   27   26   25   24   23   22   21   20   19   18   19   19   20   21   23
   24   26   27   29   31   33   35   37   40
    72.5-180.0 180.0   5.0 450.0                            LAT/LON1/LON2/DLON/H
   38   41   43   45   45   45   45   44   43   42   41   41   42   43   43   44
   45   46   47   49   51   53   55   57   59   60   60   60   59   58   56   53
   51   48   45   42   40   38   37   35   34   34   33   32   31   30   29   29
   28   27   27   26   25   23   22   20   19   17   17   17   17   18   19   20
   21   22   24   25   26   29   31   34   38
    70.0-180.0 180.0   5.0 450.0                            LAT/LON1/LON2/DLON/H
   34   38   42   44   45   44   43   42   41   40   40   40   41   41   42   43
   43   45   47   49   52   56   59   61   64   65   66   66   66   65   63   61
   58   55   52   49   47   45   43   41   40   39   38   36   34   32   30   29
   28   27   26   25   24   23   21   19   18   16   16   15   16   16   17   18
   19   19   20   20   22   24   26   30   34
    67.5-180.0 180.0   5.0 450.0                            LAT/LON1/LON2/DLON/H
   32   36   40   43   44   43   42   41   39   39   38   39   39   40   40   40
   41   43   45   49   53   58   61   65   68   70   71   72   72   72   71   69
   66   63   60   57   54   52   50   48   47   46   44   41   38   35   32   30
   28   27   26   25   24   22   20   19   17   16   15   14   14   15   15   16
   16   17   16   17   17   19   22   27   32
    65.0-180.0 180.0   5.0 450.0                            LAT/LON1/LON2/DLON/H
   30   36   40   43   44   43   42   40   39   38   38   38   38   38   38   38
   38   40   44   49   54   59   64   68   72   74   76   78   78   79   78   77
   74   71   67   64   61   59   58   56   55   53   51   48   44   40   35   32
   29   27   26   24   23   22   20   18   17   16   15   14   14   15   15   16
   16   16   16   15   16   17   20   25   30
    62.5-180.0 180.0   5.0 450.0                            LAT/LON1/LON2/DLON/H
   32   38   42   45   46   45   44   42   40   39   38   37   37   36   35   35
   35   38   43   48   55   61   67   72   76   79   81   83   85   86   86   85
   83   79   75   72   69   67   65   64   63   61   59   56   51   45   40   35
   31   28   26   25   23   21   20   18   17   17   16   16   16   16   17   17
   18   18   18   18   18   19   22   26   32
    60.0-180.0 180.0   5.0 450.0                            LAT/LON1/LON2/DLON/H
   37   43   47   50   50   49   47   45   43   41   39   38   36   35   33   32
   33   36   42   49   56   64   70   76   80   84   87   89   92   94   95   95
   92   88   84   79   76   74   73   72   71   70   68   64   59   52   46   40
   35   31   28   26   24   22   21   20   19   19   19   19   19   20   20   21
   22   23   23   23   23   24   27   31   37
    57.5-180.0 180.0   5.0 450.0                            LAT/LON1/LON2/DLON/H
   45   51   55   57   57   56   53   50   47   44   41   39   37   34   32   31
   32   36   43   51   59   68   75   82   87   91   95   98  101  103  105  106
  103   98   92   88   84   82   81   80   79   78   76   73   68   60   53   45
   40   35   32   29   26   24   23   23   23   24   25   25   25   26   26   27
   29   30   30   30   30   31   34   39   45
    55.0-180.0 180.0   5.0 450.0                            LAT/LON1/LON2/DLON/H
   54   60   65   67   67   65   62   58   53   49   45   41   38   35   33   32
   33   38   45   54   64   74   83   90   96  101  105  108  111  114  116  116
  113  108  102   96   92   90   88   87   86   85   84   82   76   69   60   52
   46   40   36   33   30   28   28   28   29   31   33   34   34   35   35   36
   37   38   39   39   39   40   42   48   54
    52.5-180.0 180.0   5.0 450.0                            LAT/LON1/LON2/DLON/H
   62   69   74   76   77   75   72   68   62   56   50   46   42   38   35   34
   36   41   49   60   71   82   93  101  108  113  116  119  122  124  125  125
  121  116  110  105  101   98   95   93   92   92   92   90   85   77   68   60
   52   47   43   39   36   34   34   35   37   40   42   44   45   45   46   46
   46   47   47   46   46   47   50   56   62
    50.0-180.0 180.0   5.0 450.0                            LAT/LON1/LON2/DLON/H
   69   75   81   84   86   85   82   78   72   65   58   52   47   43   40   38
   41   47   56   67   79   92  103  113  120  125  129  131  132  132  131  128
  125  121  117  113  109  106  103  101   99   98   98   98   93   86   76   67
   60   54   50   47   44   42   42   44   46   49   53   55   56   57   56   56
   55   55   54   53   53   53   56   62   69
    47.5-180.0 180.0   5.0 450.0                            LAT/LON1/LON2/DLON/H
   71   78   84   88   91   92   90   87   81   74   67   60   55   50   46   45
   47   54   65   76   89  101  114  124  132  138  141  142  140  137  131  126
  123  122  122  120  118  115  112  108  105  104  105  104  101   94   84   75
   67   62   58   55   52   50   51   52   55   58   62   65   66   66   65   64
   62   61   59   58   57   58   60   65   71
    45.0-180.0 180.0   5.0 450.0                            LAT/LON1/LON2/DLON/H
   70   76   82   87   91   93   94   93   88   82   75   69   64   59   55   54
   57   65   75   87   98  110  122  133  142  149  152  151  145  137  127  118
  116  119  124  127  126  125  121  118  114  111  110  110  108  101   91   82
   74   69   66   63   61   59   59   60   62   65   68   71   72   72   71   69
   67   64   62   61   60   60   62   65   70
    42.5-180.0 180.0   5.0 450.0                            LAT/LON1/LON2/DLON/H
   67   71   76   80   85   89   92   94   92   88   82   77   73   68   65   64
   67   77   88   98  106  116  127  139  150  158  161  157  148  135  121  111
  109  116  125  132  135  134  132  128  123  119  117  116  114  107   98   88
   81   76   73   71   69   68   68   67   67   69   71   73   74   73   72   70
   67   64   63   62   61   61   62   64   67
    40.0-180.0 180.0   5.0 450.0                            LAT/LON1/LON2/DLON/H
   63   65   68   72   76   81   85   89   90   89   87   84   81   77   75   75
   80   90  101  109  114  120  130  142  154  163  167  163  151  136  120  109
  108  116  128  138  143  144  143  140  135  129  125  123  120  113  104   94
   87   83   80   78   77   77   75   73   71   70   71   72   72   71   69   67
   64   62   61   61   61   62   62   62   63
    37.5-180.0 180.0   5.0 450.0                            LAT/LON1/LON2/DLON/H
   60   60   61   63   66   70   76   81   85   87   88   87   87   85   84   86
   92  103  114  120  121  124  132  143  155  165  171  167  156  141  127  118
  118  125  135  145  152  156  157  155  149  141  135  131  126  119  110  100
   93   88   86   85   84   84   82   77   73   70   70   70   69   68   66   63
   61   59   59   60   61   62   62   61   60
    35.0-180.0 180.0   5.0 450.0                            LAT/LON1/LON2/DLON/H
   58   57   56   56   57   61   66   72   78   83   86   89   90   92   93   96
  103  115  126  130  128  128  133  142  153  164  172  171  164  153  146  142
  142  145  149  157  164  170  173  172  166  157  147  140  134  126  116  106
   99   94   91   89   89   89   86   81   74   70   68   68   67   66   64   62
   60   59   59   61   63   64   63   61   58
    32.5-180.0 180.0   5.0 450.0                            LAT/LON1/LON2/DLON/H
   58   55   54   52   52   54   58   64   71   78   83   88   92   96  100  105
  114  125  135  139  136  133  135  140  148  159  170  175  175  174  175  178
  178  175  171  175  182  189  194  194  187  175  163  153  144  134  123  113
  105  100   96   93   91   91   88   82   75   70   68   67   67   67   66   64
   63   62   63   65   67   68   66   62   58
    30.0-180.0 180.0   5.0 450.0                            LAT/LON1/LON2/DLON/H
   61   57   54   52   50   51   53   58   65   73   80   86   93  100  107  114
  123  133  143  147  144  140  138  138  142  152  167  179  189  199  211  221
  222  213  202  200  207  215  220  219  211  197  183  169  157  145  133  122
  114  107  100   95   92   91   89   83   76   71   69   69   70   72   72   72
   71   71   72   74   76   76   72   66   61
    27.5-180.0 180.0   5.0 450.0                            LAT/LON1/LON2/DLON/H
   65   60   56   53   51   50   51   55   61   69   77   84   92  102  112  121
  130  140  150  155  153  147  142  137  137  146  165  186  206  228  250  267
  269  255  239  234  240  247  249  246  236  222  205  189  174  160  147  135
  124  115  106   98   92   91   90   86   80   75   73   74   77   80   82   83
   83   84   86   88   90   88   82   73   65
    25.0-180.0 180.0   5.0 450.0                            LAT/LON1/LON2/DLON/H
   71   64   60   57   54   52   51   54   59   67   74   81   91  103  116  127
  137  146  155  161  161  156  147  138  135  144  167  196  227  259  289  310
  313  299  281  273  276  279  279  273  262  248  230  212  196  180  164  151
  138  125  113  102   95   93   94   92   87   83   81   83   85   89   92   94
   96   98  101  104  105  102   93   81   71
    22.5-180.0 180.0   5.0 450.0                            LAT/LON1/LON2/DLON/H
   78   69   64   61   57   54   52   53   58   65   71   79   89  103  119  132
  143  151  160  167  169  164  153  142  138  149  177  213  253  292  326  348
  352  338  321  312  310  309  304  296  286  274  257  239  221  203  186  170
  154  138  123  110  102  101  104  104  100   95   94   94   96   99  101  104
  106  109  113  117  120  116  104   90   78
    20.0-180.0 180.0   5.0 450.0                            LAT/LON1/LON2/DLON/H
   83   74   68   65   61   56   53   53   58   64   69   76   87  103  121  137
  148  157  165  173  176  172  161  150  148  163  195  237  281  323  358  379
  382  370  355  344  338  330  320  311  306  298  284  266  247  228  210  192
  174  154  136  122  115  117  121  122  118  113  110  109  109  108  108  109
  111  115  121  127  130  126  113   96   83
    17.5-180.0 180.0   5.0 450.0                            LAT/LON1/LON2/DLON/H
   85   76   71   68   64   57   53   53   58   63   68   74   86  104  124  141
  153  162  170  178  183  180  170  162  164  183  219  263  308  350  382  399
  402  392  379  366  353  339  325  319  321  319  309  292  273  254  236  217
  197  174  152  138  135  138  144  145  140  132  128  126  122  117  113  111
  111  115  122  129  133  129  116   99   85
    15.0-180.0 180.0   5.0 450.0                            LAT/LON1/LON2/DLON/H
   84   76   72   70   65   58   52   53   58   63   67   74   86  105  126  145
  159  168  175  184  190  189  181  176  184  207  244  287  330  368  395  408
  408  401  389  374  357  339  325  323  330  336  329  314  296  279  263  244
  222  195  170  157  156  161  167  167  159  150  145  142  135  127  118  112
  111  113  119  126  130  127  114   97   84
    12.5-180.0 180.0   5.0 450.0                            LAT/LON1/LON2/DLON/H
   79   72   69   69   65   57   52   53   58   63   67   75   88  108  130  150
  165  175  183  192  199  199  193  193  205  231  266  305  342  373  394  402
  402  398  390  376  357  338  325  325  337  346  342  329  315  301  288  271
  247  216  188  175  175  181  185  182  172  162  157  155  148  138  127  118
  113  113  116  121  124  120  107   92   79
    10.0-180.0 180.0   5.0 450.0                            LAT/LON1/LON2/DLON/H
   72   65   64   65   62   56   51   53   57   62   67   76   90  111  135  156
  172  182  192  202  209  211  208  211  226  253  284  314  342  365  380  386
  388  389  388  378  361  343  331  331  343  351  347  337  328  319  309  294
  269  236  205  190  190  193  193  186  175  164  162  163  160  152  141  130
  122  117  117  119  120  114  100   84   72
     7.5-180.0 180.0   5.0 450.0                            LAT/LON1/LON2/DLON/H
   66   59   58   60   58   54   50   52   57   61   67   76   92  115  140  163
  179  191  202  214  222  225  225  230  246  271  295  315  333  348  359  366
  373  382  390  387  375  361  349  346  351  353  347  340  335  331  325  311
  286  251  219  202  198  196  190  180  167  159  160  167  171  168  160  150
  139  131  125  122  119  110   95   79   66
     5.0-180.0 180.0   5.0 450.0                            LAT/LON1/LON2/DLON/H
   62   54   53   55   55   52   50   51   55   59   65   75   93  117  145  169
  187  201  214  227  236  240  242  249  265  285  302  312  321  330  340  350
  364  384  403  411  406  394  379  366  360  353  344  338  337  337  334  320
  296  262  230  210  201  192  182  169  156  150  156  169  180  185  183  175
  163  151  140  133  125  113   95   77   62
     2.5-180.0 180.0   5.0 450.0                            LAT/LON1/LON2/DLON/H
   63   53   50   52   54   53   51   52   53   56   61   72   91  118  149  175
  194  211  227  241  250  255  259  267  280  296  305  308  310  316  327  343
  366  398  429  447  448  435  413  389  369  352  339  334  335  337  335  322
  299  268  238  216  201  188  173  158  147  144  153  171  189  201  204  200
  188  174  159  148  136  121  101   81   63
