tests/data/ionosphere_files/jplg0040.22i
     1.0            IONOSPHERE MAPS     GPS                 IONEX VERSION / TYPE
GIM V3.0            JPL - GNISD         07-jan-2022 02:35   PGM / RUN BY / DATE
JPL'S GLOBAL IONOSPHERE MAPS YEAR 2022 DAY 004              COMMENT
Global Ionospheric Maps (GIM) are generated on an hourly    DESCRIPTION
and daily basis at JPL using data from up to 100 GPS sites  DESCRIPTION
of the IGS and others institutions.                         DESCRIPTION
The vertical TEC is modeled in a solar-geomagnetic          DESCRIPTION
reference frame using bi-cubic splines on a spherical grid. DESCRIPTION
A Kalman filter is used to solve simultaneously for         DESCRIPTION
instrumental biases and VTEC on the grid (as stochastic     DESCRIPTION
parameters).                                                DESCRIPTION
Contact Address:  gpsiono@cobra.jpl.nasa.gov .              DESCRIPTION
  2022     1     4     0     0     0                        EPOCH OF FIRST MAP
  2022     1     5     0     0     0                        EPOCH OF LAST MAP
  7200                                                      INTERVAL
    13                                                      # OF MAPS IN FILE
  NONE                                                      MAPPING FUNCTION
    10.0                                                    ELEVATION CUTOFF
One-way carrier phase leveled to code                       OBSERVABLES USED
   170                                                      # OF STATIONS
    31                                                      # OF SATELLITES
  6371.0                                                    BASE RADIUS
     2                                                      MAP DIMENSION
   450.0 450.0   0.0                                        HGT1 / HGT2 / DHGT
    87.5 -87.5  -2.5                                        LAT1 / LAT2 / DLAT
  -180.0 180.0   5.0                                        LON1 / LON2 / DLON
    -1                                                      EXPONENT
TEC/RMS values in 0.1 TECU; 9999, if no value available     COMMENT
                                                            END OF HEADER
[from data line 1716]
     5                                                      START OF TEC MAP
  2022     1     4     8     0     0                        EPOCH OF CURRENT MAP
    87.5-180.0 180.0   5.0 450.0                            LAT/LON1/LON2/DLON/H
   30   30   30   31   31   31   31   31   31   31   31   31   31   31   31   30
   30   30   30   30   30   29   29   29   29   29   29   29   29   29   29   29
   28   28   28   28   28   28   28   28   28   28   28   27   27   27   27   27
   27   27   26   26   26   26   26   26   26   26   26   26   26   27   27   27
   27   28   28   28   29   29   29   30   30
    85.0-180.0 180.0   5.0 450.0                            LAT/LON1/LON2/DLON/H
   32   33   33   34   34   34   34   34   34   34   34   33   33   32   32   31
   31   30   30   29   29   29   28   28   28   28   28   28   28   28   28   28
   28   28   28   28   28   28   28   28   28   27   27   27   27   26   26   26
   25   25   25   24   24   24   23   23   23   23   23   23   24   24   24   25
   26   26   27   28   29   30   30   31   32
    82.5-180.0 180.0   5.0 450.0                            LAT/LON1/LON2/DLON/H
   34   35   36   37   37   37   37   37   37   36   36   35   34   34   33   32
   31   30   29   28   28   27   27   27   26   26   27   27   27   27   27   28
   28   28   28   28   28   28   28   28   28   27   27   27   27   26   26   26
   25   25   25   24   23   23   22   22   21   21   21   21   21   21   22   23
   24   25   26   28   29   30   32   33   34
    80.0-180.0 180.0   5.0 450.0                            LAT/LON1/LON2/DLON/H
   36   37   38   39   39   40   40   39   39   38   37   36   35   34   33   31
   30   29   28   27   26   26   25   25   25   25   26   26   27   27   27   28
   28   28   28   28   28   28   28   28   28   28   28   28   28   28   28   28
   28   28   27   27   26   25   24   23   22   21   20   20   20   20   20   21
   23   24   26   28   30   31   33   35   36
    77.5-180.0 180.0   5.0 450.0                            LAT/LON1/LON2/DLON/H
   37   38   39   40   41   41   41   41   40   39   38   37   36   34   33   31
   30   28   27   26   25   25   24   25   25   25   26   27   27   28   28   28
   29   29   29   28   28   28   28   28   28   28   29   30   30   31   32   33
   34   34   35   34   33   32   31   29   27   25   23   22   21   20   21   21
   23   24   26   28   30   32   34   36   37
    75.0-180.0 180.0   5.0 450.0                            LAT/LON1/LON2/DLON/H
   38   39   40   41   42   42   42   42   41   40   39   38   36   35   33   31
   30   28   27   26   25   25   25   25   26   26   27   28   28   29   29   29
   29   29   28   28   28   28   28   28   29   29   31   33   35   37   40   42
   44   46   47   47   46   44   42   39   35   32   29   26   24   23   23   23
   24   25   27   29   31   33   35   36   38
    72.5-180.0 180.0   5.0 450.0                            LAT/LON1/LON2/DLON/H
   37   39   40   41   42   42   42   42   41   40   39   38   36   35   33   31
   30   28   27   26   26   26   26   26   27   28   29   30   30   30   30   30
   29   29   28   27   27   27   28   28   30   31   34   37   41   45   50   54
   58   61   62   62   61   58   55   51   46   41   36   32   29   26   25   25
   26   27   28   30   32   33   35   36   37
    70.0-180.0 180.0   5.0 450.0                            LAT/LON1/LON2/DLON/H
   36   38   39   41   41   42   42   42   41   40   39   38   36   35   33   32
   30   29   28   27   27   27   27   28   28   29   30   31   31   31   30   30
   29   28   27   27   27   27   28   30   32   35   39   43   49   55   62   68
   73   77   79   79   77   73   68   63   56   50   43   38   33   30   28   27
   27   28   29   30   31   33   34   35   36
    67.5-180.0 180.0   5.0 450.0                            LAT/LON1/LON2/DLON/H
   35   37   38   40   41   42   41   41   40   39   38   37   36   35   34   32
   31   30   29   29   29   29   29   29   29   29   30   31   31   31   30   29
   28   27   26   26   27   28   30   33   36   40   45   51   58   65   73   81
   87   91   94   93   91   86   80   72   64   56   48   42   36   32   30   29
   28   29   29   30   30   31   32   33   35
    65.0-180.0 180.0   5.0 450.0                            LAT/LON1/LON2/DLON/H
   33   36   38   39   41   41   41   40   39   39   38   37   36   35   34   33
   32   31   31   31   32   32   31   30   29   29   30   30   31   30   29   28
   27   26   26   26   28   30   33   37   41   46   52   59   67   75   84   92
   98  103  105  103  100   94   86   78   68   59   50   43   37   33   31   29
   29   29   29   29   29   29   30   31   33
    62.5-180.0 180.0   5.0 450.0                            LAT/LON1/LON2/DLON/H
   33   35   38   39   40   41   40   39   39   38   38   37   37   36   35   34
   33   33   33   34   34   34   32   30   29   28   29   29   30   30   29   28
   27   27   27   28   30   34   38   43   48   54   61   68   76   84   92  100
  106  109  111  109  105   98   90   80   70   60   52   45   39   35   32   30
   29   28   27   27   26   26   28   30   33
    60.0-180.0 180.0   5.0 450.0                            LAT/LON1/LON2/DLON/H
   33   36   38   40   41   41   40   39   39   38   38   38   37   37   36   35
   34   34   35   35   36   35   33   31   29   28   28   30   31   31   30   29
   29   29   29   31   35   39   45   51   57   63   70   77   84   92   99  106
  110  113  113  111  107  101   92   83   73   63   54   47   42   37   34   32
   30   28   27   25   24   24   26   29   33
    57.5-180.0 180.0   5.0 450.0                            LAT/LON1/LON2/DLON/H
   35   38   40   42   42   42   42   41   40   39   39   39   38   38   37   36
   36   35   36   36   36   36   34   32   30   29   30   32   33   34   33   33
   32   32   34   36   41   48   55   62   69   74   80   86   93   99  105  109
  113  114  114  112  108  103   96   87   78   69   61   54   48   44   40   37
   34   31   28   25   23   24   26   30   35
    55.0-180.0 180.0   5.0 450.0                            LAT/LON1/LON2/DLON/H
   38   41   43   44   45   45   45   45   43   42   41   41   40   39   39   37
   36   36   36   35   35   35   34   33   32   32   34   36   38   39   38   37
   37   37   39   43   49   58   67   76   83   87   91   96  101  106  109  112
  114  114  114  113  111  107  102   96   88   80   72   66   60   55   50   45
   41   36   31   27   25   25   28   33   38
    52.5-180.0 180.0   5.0 450.0                            LAT/LON1/LON2/DLON/H
   42   45   46   47   49   50   51   51   49   47   46   45   44   43   41   39
   38   37   35   34   33   33   34   35   36   37   40   42   44   45   44   43
   42   43   46   51   59   70   82   92   99  102  105  108  110  112  113  114
  114  115  115  115  115  114  112  108  102   95   88   82   76   70   64   58
   52   46   39   34   30   29   32   37   42
    50.0-180.0 180.0   5.0 450.0                            LAT/LON1/LON2/DLON/H
   46   49   50   51   54   57   59   59   57   55   52   51   49   47   45   43
   41   39   36   34   33   33   35   37   40   43   47   50   51   51   50   49
   48   49   53   60   71   84   98  109  116  118  119  120  120  119  116  115
  115  116  117  119  120  122  123  121  117  111  105   98   91   85   78   71
   64   57   49   43   38   36   38   42   46
    47.5-180.0 180.0   5.0 450.0                            LAT/LON1/LON2/DLON/H
   51   53   54   56   59   63   67   68   66   63   61   58   56   54   51   48
   46   43   40   37   35   35   38   42   46   50   54   57   58   57   55   53
   53   56   61   70   82   97  113  125  132  135  135  135  132  126  119  115
  115  117  120  123  126  129  131  132  129  123  117  110  104   97   90   83
   75   67   59   52   47   44   44   47   51
    45.0-180.0 180.0   5.0 450.0                            LAT/LON1/LON2/DLON/H
   55   57   58   60   63   68   73   75   74   72   70   67   65   62   58   55
   54   52   49   45   42   42   45   49   53   58   62   64   65   62   58   56
   57   62   69   80   93  109  125  138  145  149  150  150  145  134  123  117
  116  119  123  127  130  134  136  137  134  128  121  115  109  103   96   89
   81   73   66   59   54   51   50   52   55
    42.5-180.0 180.0   5.0 450.0                            LAT/LON1/LON2/DLON/H
   57   60   62   63   67   72   76   79   80   79   78   77   74   70   67   65
   65   65   63   59   56   54   55   58   61   65   68   70   69   65   60   58
   61   68   78   90  103  118  133  146  155  160  164  164  158  144  130  121
  119  122  126  130  133  135  136  134  130  123  117  111  106  101   94   87
   80   73   68   63   58   54   53   54   57
    40.0-180.0 180.0   5.0 450.0                            LAT/LON1/LON2/DLON/H
   56   60   63   65   68   72   77   80   83   85   86   85   82   79   76   75
   78   80   80   76   72   69   68   69   70   71   73   74   72   67   61   59
   64   74   87  100  113  126  138  150  160  168  175  177  171  156  139  129
  126  128  131  134  136  136  134  130  124  117  110  105  100   95   89   82
   75   68   64   61   58   54   52   52   56
    37.5-180.0 180.0   5.0 450.0                            LAT/LON1/LON2/DLON/H
   52   58   62   65   68   71   74   79   84   89   91   91   89   86   84   85
   91   96   97   94   89   84   81   78   77   76   77   76   73   66   60   60
   68   81   96  111  123  133  142  153  163  173  182  187  182  168  152  141
  137  136  138  140  141  140  137  131  125  117  110  104   99   93   86   79
   71   64   60   57   54   50   47   48   52
    35.0-180.0 180.0   5.0 450.0                            LAT/LON1/LON2/DLON/H
   47   54   59   63   65   67   71   76   84   91   95   95   94   91   91   94
  102  109  111  108  102   96   90   85   82   79   78   76   71   64   59   61
   71   88  106  122  133  141  147  155  165  176  186  192  191  181  167  156
  150  147  147  148  150  150  148  145  140  133  125  118  110  101   93   85
   76   67   61   57   53   47   42   42   47
    32.5-180.0 180.0   5.0 450.0                            LAT/LON1/LON2/DLON/H
   44   50   55   59   62   64   66   72   81   90   96   97   96   95   96  101
  111  118  120  116  109  101   93   87   83   79   77   73   67   60   56   61
   75   95  115  132  144  150  153  160  168  177  187  195  198  192  183  174
  166  160  158  160  164  169  174  177  177  172  163  152  140  127  115  106
   95   82   71   64   57   48   41   40   44
    30.0-180.0 180.0   5.0 450.0                            LAT/LON1/LON2/DLON/H
   46   50   54   57   59   60   62   68   77   88   95   97   97   97   99  106
  116  123  123  118  109   99   90   84   80   77   74   69   61   55   53   60
   78  100  123  141  154  160  163  167  173  180  188  198  204  203  198  191
  183  176  173  176  185  198  213  226  233  232  221  205  186  168  154  144
  132  114   97   83   71   59   49   45   46
    27.5-180.0 180.0   5.0 450.0                            LAT/LON1/LON2/DLON/H
   58   56   56   57   58   58   59   63   72   83   92   95   96   97  100  107
  117  123  122  114  104   93   84   78   75   73   70   63   56   50   50   60
   80  104  128  148  163  171  174  177  181  185  192  201  210  214  213  207
  199  192  190  196  210  233  259  282  298  300  287  266  241  218  203  193
  180  158  134  113   96   81   70   62   58
    25.0-180.0 180.0   5.0 450.0                            LAT/LON1/LON2/DLON/H
   82   73   66   63   61   59   58   60   67   78   87   93   94   95   98  105
  114  119  117  108   97   85   77   72   70   68   65   59   51   46   47   59
   81  107  131  153  171  182  188  190  192  194  199  208  218  226  227  223
  216  210  210  218  238  269  304  337  359  364  350  325  295  269  252  244
  231  205  175  148  128  112  101   92   82
    22.5-180.0 180.0   5.0 450.0                            LAT/LON1/LON2/DLON/H
  113   96   83   74   68   63   59   58   63   73   83   89   92   93   94  100
  108  112  109  101   90   79   72   68   67   65   62   56   49   44   47   59
   81  108  134  157  179  194  202  205  207  207  210  218  230  238  241  239
  234  230  232  244  267  302  342  379  404  411  397  370  339  312  296  289
  277  248  214  183  160  145  137  128  113
    20.0-180.0 180.0   5.0 450.0                            LAT/LON1/LON2/DLON/H
  145  122  103   90   79   71   64   61   63   71   80   87   90   90   89   92
   98  102  101   95   86   77   71   68   67   65   61   55   49   45   47   60
   82  109  136  163  187  207  217  222  224  224  226  232  243  251  255  255
  253  252  257  271  295  329  367  401  426  434  422  396  367  341  327  321
  308  280  243  210  186  174  170  163  145
    17.5-180.0 180.0   5.0 450.0                            LAT/LON1/LON2/DLON/H
  170  144  122  105   91   80   72   67   67   73   80   86   89   87   84   84
   89   93   93   90   84   78   74   72   70   66   61   55   50   47   50   62
   85  112  141  170  198  220  233  239  242  243  244  249  257  265  270  272
  274  277  285  299  321  349  379  407  429  436  426  405  380  358  345  338
  325  297  259  224  200  191  192  188  170
    15.0-180.0 180.0   5.0 450.0                            LAT/LON1/LON2/DLON/H
  182  157  135  117  101   89   80   76   75   78   83   88   89   86   80   78
   80   84   87   87   85   82   80   78   74   68   61   56   52   50   52   65
   88  117  148  180  210  233  247  254  259  261  262  266  272  279  285  290
  296  302  311  326  344  364  383  402  418  425  418  403  384  367  354  346
  331  303  267  229  203  194  199  198  182
    12.5-180.0 180.0   5.0 450.0                            LAT/LON1/LON2/DLON/H
  179  157  138  121  107   95   87   84   83   85   88   91   92   87   80   76
   76   79   82   85   86   86   86   84   79   71   63   57   54   52   56   69
   94  124  157  191  222  245  258  267  274  279  280  282  286  292  298  307
  317  325  334  348  362  374  382  391  402  407  403  393  382  370  359  348
  332  305  269  230  200  190  194  194  179
    10.0-180.0 180.0   5.0 450.0                            LAT/LON1/LON2/DLON/H
  167  148  131  117  104   95   90   89   90   90   92   94   94   90   83   78
   76   78   81   85   88   91   91   89   83   73   64   59   56   54   59   74
  100  132  166  200  231  252  266  276  286  293  295  297  299  303  310  322
  332  341  350  362  373  378  378  380  386  389  388  383  377  370  361  348
  331  306  272  231  197  183  183  181  167
     7.5-180.0 180.0   5.0 450.0                            LAT/LON1/LON2/DLON/H
  152  135  120  108   97   89   87   88   91   92   93   95   96   93   88   82
   79   80   83   87   91   94   95   93   85   74   65   59   56   55   61   78
  105  138  172  205  233  254  268  280  293  303  307  308  310  312  319  331
  341  348  355  365  374  376  373  371  374  377  376  375  374  372  363  349
  333  311  280  239  201  180  174  167  152
     5.0-180.0 180.0   5.0 450.0                            LAT/LON1/LON2/DLON/H
  140  123  109   98   88   82   80   82   86   88   90   93   95   95   91   87
   84   83   85   89   92   96   97   95   87   75   65   60   57   57   64   82
  110  141  173  204  229  248  264  280  296  308  314  317  317  319  325  334
  342  345  350  359  369  372  370  368  370  371  371  372  375  375  367  352
  337  321  294  256  215  188  172  158  140
     2.5-180.0 180.0   5.0 450.0                            LAT/LON1/LON2/DLON/H
  136  117  103   92   83   76   73   74   77   79   82   87   91   92   92   89
   87   87   88   90   94   97   98   96   87   75   66   60   57   58   66   85
  112  141  170  196  219  238  256  275  293  308  316  320  321  323  327  333
  337  337  340  349  362  369  371  373  376  377  376  377  381  382  374  358
  344  332  311  276  237  204  180  158  136
