tests/data/ionosphere_files/jplg0020.22i
     1.0            IONOSPHERE MAPS     GPS                 IONEX VERSION / TYPE
GIM V3.0            JPL - GNISD         05-jan-2022 02:37   PGM / RUN BY / DATE 
JPL'S GLOBAL IONOSPHERE MAPS YEAR 2022 DAY 002              COMMENT             
Global Ionospheric Maps (GIM) are generated on an hourly    DESCRIPTION         
and daily basis at JPL using data from up to 100 GPS sites  DESCRIPTION         
of the IGS and others institutions.                         DESCRIPTION         
The vertical TEC is modeled in a solar-geomagnetic          DESCRIPTION         
reference frame using bi-cubic splines on a spherical grid. DESCRIPTION         
A Kalman filter is used to solve simultaneously for         DESCRIPTION         
instrumental biases and VTEC on the grid (as stochastic     DESCRIPTION         
parameters).                                                DESCRIPTION         
Contact Address:  gpsiono@cobra.jpl.nasa.gov .              DESCRIPTION         
  2022     1     2     0     0     0                        EPOCH OF FIRST MAP  
  2022     1     3     0     0     0                        EPOCH OF LAST MAP   
  7200                                                      INTERVAL            
    13                                                      # OF MAPS IN FILE   
  NONE                                                      MAPPING FUNCTION    
    10.0                                                    ELEVATION CUTOFF    
One-way carrier phase leveled to code                       OBSERVABLES USED    
   170                                                      # OF STATIONS       
    31                                                      # OF SATELLITES     
  6371.0                                                    BASE RADIUS         
     2                                                      MAP DIMENSION       
   450.0 450.0   0.0                                        HGT1 / HGT2 / DHGT  
    87.5 -87.5  -2.5                                        LAT1 / LAT2 / DLAT  
  -180.0 180.0   5.0                                        LON1 / LON2 / DLON  
    -1                                                      EXPONENT            
TEC/RMS values in 0.1 TECU; 9999, if no value available     COMMENT             
                                                            END OF HEADER       
[from data line 3861]
    10                                                      START OF TEC MAP    
  2022     1     2    18     0     0                        EPOCH OF CURRENT MAP
    87.5-180.0 180.0   5.0 450.0                            LAT/LON1/LON2/DLON/H
   43   43   43   43   43   43   43   43   43   43   43   43   43   43   43   44
   44   44   44   44   44   44   44   44   44   44   44   44   44   44   44   44
   44   44   44   44   44   44   44   44   44   44   44   44   44   44   44   44
   44   44   44   44   44   44   44   44   44   44   44   44   44   44   44   44
   44   44   44   44   43   43   43   43   43
    85.0-180.0 180.0   5.0 450.0                            LAT/LON1/LON2/DLON/H
   45   45   45   45   44   44   44   44   44   44   45   45   45   46   46   46
   47   47   47   48   48   48   48   48   48   48   48   48   48   47   47   47
   47   46   46   46   45   45   45   45   45   44   44   44   44   44   44   44
   45   45   45   45   45   45   46   46   46   46   46   46   47   47   47   47
   47   47   46   46   46   46   46   46   45
    82.5-180.0 180.0   5.0 450.0                            LAT/LON1/LON2/DLON/H
   49   49   48   48   47   47   47   47   47   47   47   48   49   50   50   51
   52   53   53   53   54   54   54   53   53   53   52   52   51   50   50   49
   49   48   48   47   47   46   46   45   45   45   45   45   45   45   45   45
   45   45   46   46   46   47   47   48   48   48   49   49   49   49   50   50
   50   50   50   50   50   50   50   49   49
    80.0-180.0 180.0   5.0 450.0                            LAT/LON1/LON2/DLON/H
   53   53   52   51   51   50   50   49   49   49   50   51   53   54   56   57
   58   59   60   60   60   60   60   59   58   57   56   54   53   52   51   50
   50   49   48   48   47   47   46   46   45   45   45   45   45   45   45   45
   45   45   46   46   47   47   47   48   48   49   49   50   50   51   51   51
   52   52   53   53   54   54   54   54   53
    77.5-180.0 180.0   5.0 450.0                            LAT/LON1/LON2/DLON/H
   56   56   55   54   53   51   50   50   50   50   52   54   56   59   62   64
   66   68   68   69   68   67   65   64   62   60   57   55   54   52   51   49
   48   48   47   47   46   46   46   45   45   45   44   44   44   44   44   44
   44   44   44   45   45   45   45   46   46   46   47   47   48   48   49   50
   51   52   53   54   55   56   56   56   56
    75.0-180.0 180.0   5.0 450.0                            LAT/LON1/LON2/DLON/H
   57   57   56   54   52   50   49   48   48   49   52   55   60   64   68   72
   75   76   77   77   76   74   71   68   65   61   58   55   52   50   48   46
   45   44   44   44   44   44   44   43   43   43   43   43   43   43   43   42
   42   42   42   42   42   41   41   41   41   41   42   42   42   43   43   44
   46   47   49   51   53   54   56   57   57
    72.5-180.0 180.0   5.0 450.0                            LAT/LON1/LON2/DLON/H
   55   55   54   52   50   48   46   45   45   48   52   57   63   69   75   79
   83   85   86   86   84   82   78   73   69   64   59   55   50   47   44   42
   40   39   39   39   39   40   40   40   40   40   40   40   40   40   40   40
   40   39   38   38   37   37   36   36   35   35   35   35   35   35   36   37
   38   40   42   44   47   49   52   53   55
    70.0-180.0 180.0   5.0 450.0                            LAT/LON1/LON2/DLON/H
   50   51   50   49   47   44   43   42   43   47   52   58   65   73   79   85
   90   93   95   96   95   91   86   80   75   69   63   56   50   45   41   37
   35   34   33   34   34   35   35   36   36   36   36   36   37   37   37   37
   37   36   35   34   33   32   31   30   30   29   29   28   28   28   29   29
   31   32   34   37   40   43   46   48   50
    67.5-180.0 180.0   5.0 450.0                            LAT/LON1/LON2/DLON/H
   46   47   47   46   44   42   41   41   43   47   53   60   68   76   83   90
   97  102  106  108  107  103   97   91   84   77   69   61   53   45   39   34
   31   29   28   28   29   29   30   30   30   30   31   31   32   33   34   34
   34   33   31   30   28   27   26   25   25   24   24   24   24   23   24   24
   25   26   28   31   34   37   40   43   46
    65.0-180.0 180.0   5.0 450.0                            LAT/LON1/LON2/DLON/H
   43   45   45   45   44   43   43   43   46   51   57   64   72   79   87   95
  104  112  119  123  123  119  113  105   97   89   80   70   60   49   41   34
   29   26   24   24   24   24   25   25   25   25   26   27   28   30   31   31
   31   30   28   27   25   24   23   23   22   22   22   22   22   22   22   23
   23   24   25   27   30   33   36   40   43
    62.5-180.0 180.0   5.0 450.0                            LAT/LON1/LON2/DLON/H
   42   45   46   47   47   47   48   50   53   58   63   70   77   84   92  101
  111  122  131  138  140  136  130  121  113  104   94   82   70   58   47   39
   32   27   24   22   21   21   21   21   21   22   23   24   26   28   29   29
   29   28   26   25   23   22   22   22   22   22   23   24   24   25   25   25
   25   26   27   28   30   33   36   39   42
    60.0-180.0 180.0   5.0 450.0                            LAT/LON1/LON2/DLON/H
   45   48   50   52   53   54   56   59   63   68   73   79   84   91   98  107
  119  131  143  152  155  153  146  138  129  120  109   96   83   70   59   49
   40   33   27   23   21   20   20   20   20   21   23   25   27   28   29   29
   28   27   26   24   23   22   22   22   23   25   26   27   28   29   30   30
   30   30   31   32   34   36   39   42   45
    57.5-180.0 180.0   5.0 450.0                            LAT/LON1/LON2/DLON/H
   51   54   56   59   61   64   67   71   75   80   85   89   94   99  105  114
  125  139  152  162  167  166  161  153  145  135  124  111   98   86   75   64
   53   43   35   28   24   22   22   22   23   25   27   29   31   31   31   30
   29   28   27   26   25   25   25   25   27   28   30   32   34   35   36   36
   36   36   36   37   39   42   45   48   51
    55.0-180.0 180.0   5.0 450.0                            LAT/LON1/LON2/DLON/H
   57   61   64   68   71   75   79   84   89   94   98  101  105  108  113  120
  130  143  156  166  172  173  170  164  157  148  137  126  114  103   92   81
   69   57   46   37   31   28   28   29   31   33   35   37   38   38   36   34
   33   31   31   30   30   30   30   31   32   33   35   38   40   42   43   43
   43   42   42   43   45   47   51   54   57
    52.5-180.0 180.0   5.0 450.0                            LAT/LON1/LON2/DLON/H
   63   67   71   76   82   87   92   97  102  107  111  114  116  118  121  126
  134  145  156  166  173  175  174  170  165  157  149  138  128  118  108   97
   85   71   59   48   41   38   37   39   41   44   46   48   48   46   43   41
   39   38   37   37   37   37   37   37   38   39   41   43   46   48   49   49
   49   48   47   47   49   52   56   59   63
    50.0-180.0 180.0   5.0 450.0                            LAT/LON1/LON2/DLON/H
   66   70   76   84   91   98  104  110  115  120  124  126  128  129  131  133
  138  146  155  164  171  175  176  174  171  165  158  149  139  130  120  109
   96   83   71   61   54   50   49   50   53   56   58   59   58   56   52   49
   47   46   46   47   47   46   46   45   45   46   47   49   51   53   55   55
   54   52   50   49   51   54   58   62   66
    47.5-180.0 180.0   5.0 450.0                            LAT/LON1/LON2/DLON/H
   65   70   78   88   98  107  115  121  127  131  135  138  141  142  142  143
  145  150  156  163  170  175  178  178  177  172  166  157  148  137  126  113
  100   89   81   73   66   62   61   62   65   68   70   71   69   66   62   59
   57   56   56   57   56   55   54   53   52   52   52   54   56   58   60   60
   58   55   52   51   52   55   58   61   65
    45.0-180.0 180.0   5.0 450.0                            LAT/LON1/LON2/DLON/H
   62   67   77   89  103  115  125  132  137  141  145  149  153  155  155  155
  156  158  162  167  173  179  183  184  183  180  173  163  152  139  125  110
   99   91   88   83   78   73   72   73   75   78   81   81   79   75   71   68
   66   65   66   66   65   64   62   60   58   57   57   58   61   63   64   64
   62   58   54   51   52   54   57   59   62
    42.5-180.0 180.0   5.0 450.0                            LAT/LON1/LON2/DLON/H
   57   62   73   88  105  120  132  140  145  149  154  159  164  168  170  170
  171  172  174  178  183  188  192  194  193  188  180  168  154  139  121  105
   95   92   93   92   87   83   80   81   83   87   89   89   87   83   79   76
   74   73   73   73   72   70   67   65   63   61   61   62   64   66   68   68
   66   62   56   52   52   53   55   55   57
    40.0-180.0 180.0   5.0 450.0                            LAT/LON1/LON2/DLON/H
   52   57   69   86  105  124  139  147  152  155  160  166  173  179  184  186
  187  188  189  192  196  201  204  205  203  197  186  173  157  139  120  103
   95   95   98   99   94   89   86   86   89   93   95   96   93   88   84   81
   79   79   78   78   76   73   70   68   66   64   63   64   67   69   71   72
   70   65   59   54   52   53   53   52   52
    37.5-180.0 180.0   5.0 450.0                            LAT/LON1/LON2/DLON/H
   50   54   66   85  106  128  144  153  156  159  163  170  179  189  196  200
  202  203  204  206  210  213  215  215  211  203  192  178  162  143  124  109
  102  103  107  106  100   94   90   91   94   97   99   99   96   91   86   83
   82   82   82   81   79   75   72   69   67   66   65   67   69   72   75   76
   75   70   63   57   54   53   52   50   50
    35.0-180.0 180.0   5.0 450.0                            LAT/LON1/LON2/DLON/H
   50   55   67   85  108  131  149  158  161  162  165  172  183  194  204  210
  214  215  216  217  219  221  221  218  214  206  196  184  170  153  137  125
  120  121  120  115  107   99   95   95   98  100  102  101   97   92   87   85
   84   84   84   83   80   76   72   70   68   67   67   69   72   75   78   80
   79   74   67   61   57   55   53   50   50
    32.5-180.0 180.0   5.0 450.0                            LAT/LON1/LON2/DLON/H
   52   57   70   88  112  136  154  163  166  166  169  175  186  198  209  216
  220  221  221  221  221  220  217  213  209  204  198  191  182  171  159  151
  147  145  139  128  116  107  102  101  102  103  104  102   98   93   89   87
   86   85   85   84   81   77   72   69   67   67   69   72   76   80   82   83
   83   78   72   65   61   58   55   53   52
    30.0-180.0 180.0   5.0 450.0                            LAT/LON1/LON2/DLON/H
   57   62   75   94  117  141  159  169  173  174  177  183  192  202  211  218
  221  221  219  217  216  212  206  200  197  197  199  200  199  194  187  183
  181  176  163  146  130  119  113  110  108  107  106  104  101   97   94   91
   90   88   88   87   83   77   72   68   67   68   71   75   80   84   86   87
   86   82   77   70   66   62   60   57   57
    27.5-180.0 180.0   5.0 450.0                            LAT/LON1/LON2/DLON/H
   63   68   81  100  123  147  165  177  184  188  192  197  203  208  214  217
  219  217  213  209  205  199  191  185  186  192  202  213  220  222  220  219
  218  210  192  169  148  134  126  120  116  112  110  109  108  106  103  100
   96   94   92   91   86   79   73   68   67   69   74   79   85   88   89   89
   88   86   81   76   71   68   65   63   63
    25.0-180.0 180.0   5.0 450.0                            LAT/LON1/LON2/DLON/H
   69   75   89  108  131  153  173  188  199  208  216  221  221  219  216  215
  213  209  204  199  193  186  178  174  180  194  212  231  245  253  255  257
  255  244  222  195  170  152  140  131  124  119  118  119  121  121  118  113
  106  101   98   96   91   83   75   71   69   72   77   84   89   92   91   90
   89   88   85   81   77   74   72   69   69
    22.5-180.0 180.0   5.0 450.0                            LAT/LON1/LON2/DLON/H
   75   81   96  116  139  161  182  200  217  232  244  250  246  233  221  212
  205  200  195  189  183  178  173  175  188  208  233  257  276  286  292  294
  291  277  252  221  191  169  153  141  132  128  128  133  138  139  135  128
  118  110  107  104   98   90   81   76   75   78   83   88   93   94   91   89
   88   88   87   84   81   80   78   75   75
    20.0-180.0 180.0   5.0 450.0                            LAT/LON1/LON2/DLON/H
   79   87  104  125  148  170  192  214  236  257  275  282  273  251  228  210
  199  192  187  182  179  178  181  192  212  239  266  291  310  321  326  328
  323  307  280  245  211  182  162  148  140  137  140  148  155  156  152  142
  130  121  117  115  109   99   91   86   84   86   90   93   95   93   89   85
   84   86   86   85   84   83   82   80   79
    17.5-180.0 180.0   5.0 450.0                            LAT/LON1/LON2/DLON/H
   82   92  111  134  157  181  205  230  256  282  304  314  303  273  240  214
  197  188  184  181  181  187  200  221  249  279  305  327  343  352  357  357
  351  333  303  265  225  191  166  152  146  145  151  160  167  168  163  153
  142  133  130  128  122  112  102   97   96   97   98   98   96   91   85   80
   79   81   83   83   83   83   82   81   82
    15.0-180.0 180.0   5.0 450.0                            LAT/LON1/LON2/DLON/H
   83   96  117  142  167  192  218  245  274  303  329  343  332  299  260  226
  203  193  189  188  191  204  228  257  290  321  344  359  371  377  380  379
  371  352  321  280  236  197  169  155  151  152  158  166  171  171  167  159
  150  144  142  141  134  124  114  109  107  107  106  102   97   89   81   75
   74   76   78   79   79   79   79   79   83
    12.5-180.0 180.0   5.0 450.0                            LAT/LON1/LON2/DLON/H
   82   99  123  151  177  204  231  260  290  320  349  366  360  331  290  251
  222  209  206  205  210  229  260  295  329  356  373  382  389  393  394  391
  383  364  333  292  246  203  173  159  156  158  161  165  166  165  162  160
  156  154  153  151  144  133  124  119  117  115  112  107   98   88   79   72
   70   72   74   75   75   73   72   74   82
    10.0-180.0 180.0   5.0 450.0                            LAT/LON1/LON2/DLON/H
   81  101  129  158  187  215  243  273  303  333  363  384  385  364  328  287
  255  240  236  234  239  260  293  328  357  377  386  390  394  398  398  396
  389  373  344  304  258  213  182  168  164  162  160  158  155  153  154  157
  159  160  161  158  149  138  128  124  122  120  117  110  101   90   80   72
   70   71   72   73   71   67   66   70   81
     7.5-180.0 180.0   5.0 450.0                            LAT/LON1/LON2/DLON/H
   81  104  134  165  195  224  253  282  311  341  372  396  405  396  367  328
  296  281  276  272  276  295  325  353  373  384  386  386  391  397  399  398
  394  381  356  319  274  230  198  182  174  167  159  149  142  139  144  152
  159  163  163  158  148  137  128  124  123  122  120  114  105   94   85   78
   75   74   75   74   71   65   63   68   81
     5.0-180.0 180.0   5.0 450.0                            LAT/LON1/LON2/DLON/H
   84  109  140  172  203  233  262  289  316  344  373  400  417  419  401  368
  339  326  320  315  316  331  354  373  381  382  379  379  386  396  401  402
  400  392  371  338  297  255  222  202  188  174  159  144  132  129  137  148
  157  161  160  153  143  133  125  122  122  124  124  120  112  102   93   87
   83   82   81   80   75   69   66   70   84
     2.5-180.0 180.0   5.0 450.0                            LAT/LON1/LON2/DLON/H
   92  116  147  180  211  241  269  295  319  343  369  394  416  428  421  399
  377  367  362  356  354  364  379  388  386  380  374  376  388  402  410  413
  413  407  390  361  323  283  249  224  205  185  163  143  130  127  135  146
  155  158  154  146  136  128  123  121  123  127  130  129  122  113  105   99
   95   92   91   88   83   77   74   78   92
