tests/data/ionosphere_files/jplg0030.22i
     1.0            IONOSPHERE MAPS     GPS                 IONEX VERSION / TYPE
GIM V3.0            JPL - GNISD         06-jan-2022 02:36   PGM / RUN BY / DATE 
JPL'S GLOBAL IONOSPHERE MAPS YEAR 2022 DAY 003              COMMENT             
Global Ionospheric Maps (GIM) are generated on an hourly    DESCRIPTION         
and daily basis at JPL using data from up to 100 GPS sites  DESCRIPTION         
of the IGS and others institutions.                         DESCRIPTION         
The vertical TEC is modeled in a solar-geomagnetic          DESCRIPTION         
reference frame using bi-cubic splines on a spherical grid. DESCRIPTION         
A Kalman filter is used to solve simultaneously for         DESCRIPTION         
instrumental biases and VTEC on the grid (as stochastic     DESCRIPTION         
parameters).                                                DESCRIPTION         
Contact Address:  gpsiono@cobra.jpl.nasa.gov .              DESCRIPTION         
  2022     1     3     0     0     0                        EPOCH OF FIRST MAP  
  2022     1     4     0     0     0                        EPOCH OF LAST MAP   
  7200                                                      INTERVAL            
    13                                                      # OF MAPS IN FILE   
  NONE                                                      MAPPING FUNCTION    
    10.0                                                    ELEVATION CUTOFF    
One-way carrier phase leveled to code                       OBSERVABLES USED    
   170                                                      # OF STATIONS       
    31                                                      # OF SATELLITES     
  6371.0                                                    BASE RADIUS         
     2                                                      MAP DIMENSION       
   450.0 450.0   0.0                                        HGT1 / HGT2 / DHGT  
    87.5 -87.5  -2.5                                        LAT1 / LAT2 / DLAT  
  -180.0 180.0   5.0                                        LON1 / LON2 / DLON  
    -1                                                      EXPONENT            
TEC/RMS values in 0.1 TECU; 9999, if no value available     COMMENT             
                                                            END OF HEADER       
[from data line 2145]
     6                                                      START OF TEC MAP    
  2022     1     3    10     0     0                        EPOCH OF CURRENT MAP
    87.5-180.0 180.0   5.0 450.0                            LAT/LON1/LON2/DLON/H
   42   42   41   41   41   41   41   41   41   40   40   40   40   40   39   39
   39   39   39   39   39   39   38   38   38   38   38   38   38   38   38   38
   38   38   38   38   38   37   37   37   37   37   37   37   37   37   37   37
   37   37   37   37   38   38   38   38   39   39   39   40   40   40   40   41
   41   41   41   41   41   42   42   42   42
    85.0-180.0 180.0   5.0 450.0                            LAT/LON1/LON2/DLON/H
   45   44   44   44   43   43   42   42   41   41   40   40   39   39   38   38
   38   38   38   38   37   37   37   38   38   38   38   38   38   38   38   38
   38   38   38   38   38   37   37   37   36   36   36   35   35   35   34   34
   34   34   34   35   35   35   36   37   37   38   39   39   40   41   42   42
   43   43   44   44   44   45   45   45   45
    82.5-180.0 180.0   5.0 450.0                            LAT/LON1/LON2/DLON/H
   48   47   47   46   45   44   43   42   41   40   39   38   38   37   37   36
   36   36   36   36   36   36   37   37   37   38   38   39   39   39   40   40
   41   41   41   41   41   40   40   39   39   38   37   36   35   34   33   33
   32   32   32   32   32   33   33   34   35   36   38   39   40   41   42   44
   45   46   46   47   48   48   48   48   48
    80.0-180.0 180.0   5.0 450.0                            LAT/LON1/LON2/DLON/H
   50   50   49   48   47   45   44   42   41   40   38   37   36   36   35   35
   34   34   35   35   35   36   37   37   38   39   40   40   41   42   43   44
   44   45   45   46   46   46   45   45   44   43   41   40   39   37   35   34
   33   32   31   31   31   31   32   32   33   35   36   38   39   41   42   44
   46   47   48   49   50   51   51   51   50
    77.5-180.0 180.0   5.0 450.0                            LAT/LON1/LON2/DLON/H
   53   52   51   50   49   47   45   44   42   41   39   38   36   35   35   34
   34   34   34   35   36   37   38   39   40   41   42   43   44   45   46   47
   48   49   51   52   52   53   53   53   52   51   50   48   47   45   42   40
   38   36   35   33   32   32   32   32   32   33   34   36   37   39   41   43
   45   47   48   50   51   52   53   53   53
    75.0-180.0 180.0   5.0 450.0                            LAT/LON1/LON2/DLON/H
   54   54   53   52   51   50   48   47   45   43   42   40   38   36   35   34
   34   34   35   36   37   39   40   42   43   44   45   45   46   47   48   49
   51   53   55   57   59   60   61   61   61   61   61   60   59   57   55   53
   50   46   43   40   37   35   34   33   32   32   32   33   34   36   38   40
   42   44   46   48   50   52   53   53   54
    72.5-180.0 180.0   5.0 450.0                            LAT/LON1/LON2/DLON/H
   54   55   56   55   55   54   52   51   49   48   45   43   41   39   37   36
   35   35   36   38   40   42   44   45   46   47   48   48   47   47   48   49
   52   55   58   62   65   67   69   70   71   72   73   73   74   74   73   70
   66   61   56   51   46   42   38   35   33   31   30   30   31   32   34   36
   38   40   43   45   47   49   51   53   54
    70.0-180.0 180.0   5.0 450.0                            LAT/LON1/LON2/DLON/H
   55   57   58   58   58   58   57   56   54   52   50   47   44   42   39   38
   37   38   39   41   43   45   47   48   49   50   50   49   47   46   45   46
   49   54   59   64   68   72   75   77   79   82   84   88   90   92   92   90
   85   78   71   63   56   49   43   38   34   31   29   28   27   28   29   31
   33   35   38   41   43   46   49   52   55
    67.5-180.0 180.0   5.0 450.0                            LAT/LON1/LON2/DLON/H
   55   58   60   61   62   62   61   60   58   56   54   51   48   45   43   41
   41   41   43   45   47   49   50   51   51   51   50   48   46   43   42   42
   46   51   58   65   71   76   79   83   86   90   95  100  106  109  111  108
  103   94   85   75   65   57   49   42   36   31   28   25   24   24   25   26
   29   31   34   37   40   43   47   51   55
    65.0-180.0 180.0   5.0 450.0                            LAT/LON1/LON2/DLON/H
   55   59   62   64   64   64   63   62   61   59   56   53   50   48   46   44
   44   45   47   49   52   53   53   52   51   49   48   46   43   40   39   39
   43   50   58   66   73   78   83   87   91   97  103  111  118  124  126  123
  116  106   94   83   72   62   54   46   39   32   27   24   22   21   21   23
   26   28   31   34   37   41   45   50   55
    62.5-180.0 180.0   5.0 450.0                            LAT/LON1/LON2/DLON/H
   56   61   64   66   67   66   65   63   61   58   56   54   52   50   48   47
   47   48   51   53   55   56   55   52   50   47   45   43   40   38   37   39
   44   51   60   69   76   82   86   91   96  103  111  120  129  135  136  132
  123  110   98   86   76   67   58   49   41   34   28   24   21   19   20   22
   25   28   30   33   36   40   45   50   56
    60.0-180.0 180.0   5.0 450.0                            LAT/LON1/LON2/DLON/H
   57   62   66   68   68   67   65   62   59   57   54   53   51   50   50   50
   50   51   53   56   57   57   55   51   48   44   42   40   38   38   39   43
   49   58   68   76   83   87   91   96  102  110  119  128  137  142  142  136
  124  110   97   86   77   70   62   54   45   38   31   26   22   20   21   23
   26   29   32   34   36   40   45   51   57
    57.5-180.0 180.0   5.0 450.0                            LAT/LON1/LON2/DLON/H
   58   64   68   70   70   68   66   62   58   55   52   51   50   50   50   50
   51   52   54   56   57   56   53   49   45   42   39   38   39   41   45   52
   60   70   79   87   92   96   99  104  110  118  128  137  144  148  146  137
  124  109   96   86   79   73   66   59   51   43   36   30   26   24   24   26
   29   32   34   36   38   41   45   52   58
    55.0-180.0 180.0   5.0 450.0                            LAT/LON1/LON2/DLON/H
   60   66   70   73   73   71   68   63   58   54   52   50   49   49   49   50
   51   52   53   53   53   52   49   45   42   40   39   39   42   47   55   64
   74   85   93  100  104  106  109  114  121  129  138  145  151  153  149  138
  124  109   96   88   82   77   72   65   58   51   44   38   33   31   30   31
   34   37   39   40   41   43   47   53   60
    52.5-180.0 180.0   5.0 450.0                            LAT/LON1/LON2/DLON/H
   61   67   72   76   77   75   72   67   62   57   54   51   50   49   49   50
   50   50   49   49   48   46   43   40   39   39   39   42   47   55   66   78
   89  100  108  113  116  118  122  126  133  141  148  153  156  156  151  141
  128  114  102   94   89   84   79   73   67   60   54   48   43   40   38   39
   41   43   45   45   45   46   49   55   61
    50.0-180.0 180.0   5.0 450.0                            LAT/LON1/LON2/DLON/H
   62   68   74   78   80   80   77   73   69   64   60   56   54   52   51   51
   50   49   47   45   42   40   38   37   38   39   42   46   54   64   77   91
  103  114  121  125  128  130  134  139  145  151  155  158  160  158  153  145
  135  123  112  104   98   92   87   81   75   70   64   58   54   50   48   48
   49   50   51   52   51   51   53   57   62
    47.5-180.0 180.0   5.0 450.0                            LAT/LON1/LON2/DLON/H
   63   69   75   80   83   83   82   80   77   74   70   65   61   58   56   54
   52   50   46   43   40   38   37   38   39   42   46   53   62   74   87  101
  114  124  131  135  138  142  146  151  155  158  160  160  159  157  154  150
  143  134  124  115  107  100   93   87   82   77   72   67   62   59   57   56
   56   57   58   58   57   56   56   59   63
    45.0-180.0 180.0   5.0 450.0                            LAT/LON1/LON2/DLON/H
   64   68   74   80   84   85   85   85   85   83   80   76   71   67   64   61
   58   55   51   47   43   41   42   44   46   49   53   61   71   83   96  110
  122  131  138  143  147  152  157  160  162  161  159  157  155  154  153  152
  150  144  135  124  114  105   97   91   86   81   75   71   67   65   64   63
   63   63   64   63   62   60   59   61   64
    42.5-180.0 180.0   5.0 450.0                            LAT/LON1/LON2/DLON/H
   63   67   73   79   83   84   85   87   89   91   90   87   82   78   73   70
   67   64   61   57   54   53   54   57   58   59   63   70   81   92  104  116
  127  136  142  148  154  161  167  168  166  162  157  152  150  149  150  152
  153  149  141  129  117  106   98   91   86   80   74   70   68   68   68   68
   67   67   67   67   65   62   61   61   63
    40.0-180.0 180.0   5.0 450.0                            LAT/LON1/LON2/DLON/H
   62   66   71   77   80   81   82   85   90   94   97   96   92   88   84   81
   78   76   74   71   69   69   72   74   73   72   74   81   91  101  110  120
  129  138  144  151  160  170  176  176  170  163  155  148  145  144  146  149
  151  148  141  129  117  106   97   91   86   79   72   67   67   69   71   72
   71   70   69   67   65   62   61   61   62
    37.5-180.0 180.0   5.0 450.0                            LAT/LON1/LON2/DLON/H
   61   64   69   74   76   76   76   79   86   93   99  101  100   97   94   91
   89   89   88   86   85   87   91   92   89   85   84   91  100  108  114  122
  130  137  145  153  166  179  187  186  179  168  158  148  143  141  142  145
  146  145  139  129  118  108  101   95   90   82   73   67   67   71   74   76
   75   73   70   67   63   60   59   59   61
    35.0-180.0 180.0   5.0 450.0                            LAT/LON1/LON2/DLON/H
   60   63   67   71   72   70   70   73   80   89   98  103  105  104  102  100
   99   99  100   99   99  102  106  107  102   96   94   99  107  112  116  121
  129  136  144  155  171  190  201  201  193  181  168  155  147  143  142  144
  145  144  140  133  125  118  112  107  102   93   81   73   71   75   79   81
   81   78   74   68   63   59   58   58   60
    32.5-180.0 180.0   5.0 450.0                            LAT/LON1/LON2/DLON/H
   61   63   66   69   69   67   65   67   74   84   94  103  107  109  108  106
  106  106  107  107  107  110  114  116  110  103  100  105  112  115  116  120
  128  137  146  159  180  203  219  222  216  203  186  169  157  151  149  150
  151  151  149  147  143  139  135  131  125  115  101   89   83   84   87   89
   90   88   82   74   67   61   59   59   61
    30.0-180.0 180.0   5.0 450.0                            LAT/LON1/LON2/DLON/H
   64   64   66   68   68   65   63   64   70   79   90  101  108  111  111  110
  109  109  109  108  108  110  115  116  112  105  104  109  115  117  117  121
  129  140  151  167  191  219  241  248  244  231  211  189  175  168  166  168
  170  171  172  174  175  175  171  166  160  149  132  114  103   99   99  102
  104  103   96   87   77   69   65   64   64
    27.5-180.0 180.0   5.0 450.0                            LAT/LON1/LON2/DLON/H
   71   69   68   69   69   66   63   63   67   75   86   97  106  111  112  110
  109  108  108  106  104  105  109  112  109  105  105  111  117  118  119  124
  135  148  163  182  208  239  264  275  274  261  239  215  199  194  195  199
  203  206  207  211  216  219  215  208  201  189  169  146  128  118  115  117
  121  122  116  106   95   84   78   74   71
    25.0-180.0 180.0   5.0 450.0                            LAT/LON1/LON2/DLON/H
   82   77   73   72   72   69   66   65   67   73   82   93  102  107  108  107
  105  105  104  101   98   98  102  106  104  102  105  112  119  122  124  132
  146  163  180  201  228  259  285  299  300  288  266  244  231  229  234  241
  247  248  248  253  261  266  261  252  242  229  208  181  157  141  133  135
  141  144  139  129  117  105   95   88   82
    22.5-180.0 180.0   5.0 450.0                            LAT/LON1/LON2/DLON/H
   95   87   81   78   76   73   70   67   68   72   79   88   96  101  102  101
   99   99   98   96   92   93   97  100  100  100  104  113  122  128  134  146
  163  182  201  222  248  277  302  316  317  308  289  272  265  268  277  286
  292  292  290  295  305  310  305  293  280  266  245  215  187  165  154  153
  160  165  162  152  140  126  114  104   95
    20.0-180.0 180.0   5.0 450.0                            LAT/LON1/LON2/DLON/H
  107   97   89   85   82   78   74   71   70   72   77   84   90   94   94   93
   92   92   93   91   89   90   95   99   99   98  103  113  125  135  146  162
  182  203  223  243  266  291  311  323  325  319  307  298  297  305  317  328
  333  331  327  331  341  347  340  325  311  296  274  246  216  191  176  172
  178  183  180  172  159  144  130  118  107
    17.5-180.0 180.0   5.0 450.0                            LAT/LON1/LON2/DLON/H
  115  104   96   91   87   83   78   75   74   74   78   82   86   87   86   84
   84   86   88   89   89   91   97  101   99   99  104  115  129  143  160  179
  201  223  243  261  279  298  313  322  325  323  319  319  325  337  349  359
  363  359  354  357  367  373  365  349  333  317  298  272  244  217  197  190
  193  196  193  184  171  156  141  127  115
    15.0-180.0 180.0   5.0 450.0                            LAT/LON1/LON2/DLON/H
  117  106   99   94   91   86   81   79   78   79   81   83   83   82   80   77
   77   80   84   88   90   94  101  104  101  100  105  117  133  152  172  195
  218  239  259  275  288  300  310  317  321  324  328  335  345  357  368  376
  379  376  372  375  386  391  383  365  348  332  315  293  268  241  218  206
  204  203  199  189  175  159  143  129  117
    12.5-180.0 180.0   5.0 450.0                            LAT/LON1/LON2/DLON/H
  112  103   96   94   91   87   83   81   82   84   85   86   84   81   76   72
   72   76   82   88   92   98  104  106  103  102  108  121  139  160  183  207
  230  251  270  284  293  300  307  312  318  326  335  345  357  368  377  384
  387  385  383  387  397  402  393  375  357  342  327  309  288  260  235  218
  211  206  199  188  172  155  139  125  112
    10.0-180.0 180.0   5.0 450.0                            LAT/LON1/LON2/DLON/H
  104   95   90   89   88   85   82   82   85   88   90   90   87   82   76   71
   70   74   82   90   96  101  106  107  104  104  112  126  146  168  191  214
  237  258  276  289  296  301  307  313  322  332  342  353  363  372  380  386
  390  390  389  393  402  406  397  379  361  346  333  320  301  275  247  226
  214  204  194  182  165  148  131  116  104
     7.5-180.0 180.0   5.0 450.0                            LAT/LON1/LON2/DLON/H
   95   86   82   82   83   80   78   80   85   90   93   93   89   83   76   71
   70   74   83   93   99  102  105  106  104  107  117  133  153  174  196  218
  240  261  278  291  299  305  312  321  331  341  350  359  366  374  382  389
  394  395  395  397  403  405  396  380  362  348  336  325  309  283  254  230
  212  198  186  172  156  138  122  108   95
     5.0-180.0 180.0   5.0 450.0                            LAT/LON1/LON2/DLON/H
   89   80   76   76   77   74   73   75   81   87   92   93   89   83   77   72
   71   75   85   95  101  103  104  103  104  110  123  140  159  178  198  218
  239  258  276  291  301  311  321  333  344  353  359  363  369  377  388  398
  403  403  401  399  402  403  394  379  363  349  338  329  314  289  259  231
  208  190  175  161  146  130  116  102   89
     2.5-180.0 180.0   5.0 450.0                            LAT/LON1/LON2/DLON/H
   90   80   74   73   72   70   67   70   75   82   87   88   86   81   76   72
   71   76   85   96  102  102  101  101  104  114  129  146  163  180  197  214
  233  252  271  288  303  317  332  347  358  364  366  368  373  384  399  412
  417  414  408  403  403  402  394  380  365  352  342  333  318  292  261  231
  204  183  165  151  138  125  114  102   90
