tests/data/ionosphere_files/jplg0020.22i
     1.0            IONOSPHERE MAPS     GPS                 IONEX VERSION / TYPE
GIM V3.0            JPL - GNISD         05-jan-2022 02:37   PGM / RUN BY / DATE 
JPL'S GLOBAL IONOSPHERE MAPS YEAR 2022 DAY 002              COMMENT             
Global Ionospheric Maps (GIM) are generated on an hourly    DESCRIPTION         
and daily basis at JPL using data from up to 100 GPS sites  DESCRIPTION         
of the IGS and others institutions.                         DESCRIPTION         
The vertical TEC is modeled in a solar-geomagnetic          DESCRIPTION         
reference frame using bi-cubic splines on a spherical grid. DESCRIPTION         
A Kalman filter is used to solve simultaneously for         DESCRIPTION         
instrumental biases and VTEC on the grid (as stochastic     DESCRIPTION         
parameters).                                                DESCRIPTION         
Contact Address:  gpsiono@cobra.jpl.nasa.gov .              DESCRIPTION         
  2022     1     2     0     0     0                        EPOCH OF FIRST MAP  
  2022     1     3     0     0     0                        EPOCH OF LAST MAP   
  7200                                                      INTERVAL            
    13                                                      # OF MAPS IN FILE   
  NONE                                                      MAPPING FUNCTION    
    10.0                                                    ELEVATION CUTOFF    
One-way carrier phase leveled to code                       OBSERVABLES USED    
   170                                                      # OF STATIONS       
    31                                                      # OF SATELLITES     
  6371.0                                                    BASE RADIUS         
     2                                                      MAP DIMENSION       
   450.0 450.0   0.0                                        HGT1 / HGT2 / DHGT  
    87.5 -87.5  -2.5                                        LAT1 / LAT2 / DLAT  
  -180.0 180.0   5.0                                        LON1 / LON2 / DLON  
    -1                                                      EXPONENT            
TEC/RMS values in 0.1 TECU; 9999, if no value available     COMMENT             
                                                            END OF HEADER       
[from data line 1716]
     5                                                      START OF TEC MAP    
  2022     1     2     8     0     0                        EPOCH OF CURRENT MAP
    87.5-180.0 180.0   5.0 450.0                            LAT/LON1/LON2/DLON/H
   37   37   37   37   38   38   38   38   38   38   38   38   38   38   38   38
   38   38   38   38   38   38   38   38   38   38   38   38   38   38   38   38
   38   38   38   39   39   39   39   39   39   39   38   38   38   38   38   38
   38   37   37   37   37   37   36   36   36   36   36   36   35   35   35   35
   36   36   36   36   36   36   36   37   37
    85.0-180.0 180.0   5.0 450.0                            LAT/LON1/LON2/DLON/H
   37   38   38   38   39   39   39   39   39   39   39   39   39   39   38   38
   38   37   37   37   37   37   37   37   37   37   37   37   37   38   38   38
   38   38   39   39   39   39   39   39   39   39   39   39   39   39   39   39
   38   38   37   37   36   36   35   35   34   34   33   33   33   33   33   33
   33   33   34   34   35   35   36   37   37
    82.5-180.0 180.0   5.0 450.0                            LAT/LON1/LON2/DLON/H
   38   38   39   39   40   40   40   40   40   40   40   40   39   39   38   38
   37   37   36   36   35   35   35   35   35   35   35   36   36   36   36   37
   37   37   37   37   37   37   38   38   38   38   38   39   39   39   40   40
   39   39   39   38   37   36   35   34   33   32   31   30   30   30   30   30
   31   31   32   33   34   35   36   37   38
    80.0-180.0 180.0   5.0 450.0                            LAT/LON1/LON2/DLON/H
   38   39   39   40   40   41   41   41   41   41   40   40   40   39   38   38
   37   36   35   35   34   34   34   33   34   34   34   34   35   35   35   36
   36   36   35   35   35   35   35   35   35   35   36   37   38   39   40   41
   42   42   42   41   40   39   37   35   34   32   31   29   28   28   28   28
   29   30   31   32   33   34   36   37   38
    77.5-180.0 180.0   5.0 450.0                            LAT/LON1/LON2/DLON/H
   37   38   39   40   40   40   41   41   41   41   41   40   40   39   39   38
   37   36   35   34   34   33   33   33   33   33   34   34   35   35   35   35
   35   35   34   34   33   32   31   31   32   33   34   36   38   40   42   44
   46   47   47   47   46   44   42   40   37   35   33   31   29   28   27   27
   28   29   30   31   33   34   35   36   37
    75.0-180.0 180.0   5.0 450.0                            LAT/LON1/LON2/DLON/H
   37   38   38   39   40   40   40   41   41   41   41   41   40   40   39   38
   37   37   36   35   34   34   33   33   34   34   34   35   35   35   36   35
   35   34   33   32   31   30   29   29   29   31   33   36   39   43   47   51
   53   56   57   56   55   53   51   47   44   40   37   34   31   30   29   28
   29   29   30   31   33   34   35   36   37
    72.5-180.0 180.0   5.0 450.0                            LAT/LON1/LON2/DLON/H
   36   37   38   39   40   40   40   40   41   41   41   41   40   40   40   39
   38   37   37   36   35   35   34   34   34   35   35   35   36   36   36   35
   34   33   32   31   29   28   28   28   29   31   34   39   44   50   55   60
   64   67   68   68   67   64   61   56   52   47   42   38   35   33   31   30
   30   30   31   32   33   34   35   35   36
    70.0-180.0 180.0   5.0 450.0                            LAT/LON1/LON2/DLON/H
   36   38   39   40   40   41   41   41   40   40   40   40   40   40   40   39
   39   38   37   37   36   36   35   35   35   36   36   36   36   36   35   34
   33   32   31   30   28   27   27   28   30   34   39   45   52   59   66   72
   77   80   81   81   79   75   71   65   59   54   48   43   39   36   34   32
   32   32   32   33   33   34   34   35   36
    67.5-180.0 180.0   5.0 450.0                            LAT/LON1/LON2/DLON/H
   37   39   41   42   42   42   42   41   40   40   40   40   40   40   39   39
   38   38   38   37   37   36   36   36   36   36   36   36   36   35   35   34
   32   31   30   29   28   28   28   31   34   39   46   54   62   70   78   85
   90   93   94   92   89   85   79   72   66   59   53   47   43   39   37   35
   34   34   33   33   33   34   34   36   37
    65.0-180.0 180.0   5.0 450.0                            LAT/LON1/LON2/DLON/H
   39   42   44   45   45   45   43   41   40   39   39   39   39   39   39   38
   38   37   37   37   36   36   36   35   35   35   35   35   35   35   34   33
   32   31   30   29   29   30   31   35   40   47   55   63   73   81   89   96
  101  103  103  101   97   91   84   77   69   62   56   50   45   42   39   38
   36   36   35   34   34   34   35   37   39
    62.5-180.0 180.0   5.0 450.0                            LAT/LON1/LON2/DLON/H
   42   46   48   49   49   47   45   42   40   39   39   39   39   39   38   38
   37   37   36   36   35   35   35   34   34   34   35   35   35   35   34   33
   32   31   31   30   31   33   36   41   47   55   64   73   82   91   98  104
  108  110  109  106  101   95   88   80   72   65   58   53   48   45   42   41
   39   38   36   35   34   34   36   39   42
    60.0-180.0 180.0   5.0 450.0                            LAT/LON1/LON2/DLON/H
   47   51   53   54   54   51   47   44   41   40   40   40   40   39   38   37
   37   36   35   35   34   34   34   34   34   34   35   36   36   37   36   36
   35   34   34   34   36   39   43   49   56   64   73   82   90   98  105  110
  113  114  113  109  104   98   91   83   75   68   62   56   52   49   46   44
   43   41   38   36   35   35   38   42   47
    57.5-180.0 180.0   5.0 450.0                            LAT/LON1/LON2/DLON/H
   52   57   59   60   59   55   51   47   44   42   42   42   41   40   39   38
   37   36   35   34   34   33   34   34   35   35   36   38   39   40   40   40
   39   38   38   40   43   47   53   60   67   75   82   90   97  104  109  113
  116  116  115  112  108  102   95   88   81   74   68   62   58   55   52   50
   47   45   42   39   37   38   41   46   52
    55.0-180.0 180.0   5.0 450.0                            LAT/LON1/LON2/DLON/H
   58   63   65   66   64   61   57   52   48   46   45   44   43   42   40   39
   38   36   35   34   34   34   35   36   37   38   40   42   44   46   46   46
   45   45   45   48   52   59   66   74   81   87   93   99  105  109  114  116
  118  119  118  115  112  108  103   97   91   84   78   72   67   63   59   57
   54   51   47   43   41   41   45   51   58
    52.5-180.0 180.0   5.0 450.0                            LAT/LON1/LON2/DLON/H
   63   68   71   71   70   68   64   60   55   52   50   49   47   45   43   41
   40   39   37   36   35   36   38   40   42   44   46   48   51   53   53   53
   52   52   54   58   64   73   83   91   98  102  106  110  113  117  119  121
  122  122  122  120  119  117  114  109  104   97   91   84   78   73   69   65
   62   59   54   49   46   46   50   57   63
    50.0-180.0 180.0   5.0 450.0                            LAT/LON1/LON2/DLON/H
   68   72   75   76   76   75   72   68   64   59   56   54   52   49   47   45
   44   43   41   40   39   41   44   47   49   51   53   56   58   60   60   59
   59   60   64   70   79   90  101  110  116  119  121  123  125  126  127  127
  127  127  127  127  126  126  125  122  117  111  104   97   90   83   78   75
   71   67   62   57   53   53   56   61   68
    47.5-180.0 180.0   5.0 450.0                            LAT/LON1/LON2/DLON/H
   70   75   78   79   81   81   80   77   72   67   63   60   57   55   53   51
   50   49   48   47   47   49   52   56   58   60   62   64   66   67   66   65
   66   69   74   83   94  107  119  129  135  137  138  139  139  139  137  135
  134  133  132  133  133  134  133  131  127  121  114  106   99   93   87   83
   80   75   70   64   60   59   61   65   70
    45.0-180.0 180.0   5.0 450.0                            LAT/LON1/LON2/DLON/H
   71   75   78   80   82   84   85   83   79   74   70   67   64   62   60   59
   59   59   59   59   60   62   65   68   70   70   72   74   75   73   71   69
   71   76   85   96  109  123  136  146  152  155  156  156  156  153  149  145
  141  138  137  137  138  138  138  135  130  124  118  112  105   99   94   90
   86   81   76   71   66   64   64   67   71
    42.5-180.0 180.0   5.0 450.0                            LAT/LON1/LON2/DLON/H
   70   74   76   78   81   84   86   86   84   81   77   74   71   69   68   68
   70   71   73   76   78   80   83   84   83   82   82   82   82   79   74   73
   76   84   95  108  122  136  149  159  167  171  173  174  172  168  161  154
  148  144  141  140  139  138  135  132  126  120  115  111  107  103   98   94
   89   84   79   74   70   67   66   67   70
    40.0-180.0 180.0   5.0 450.0                            LAT/LON1/LON2/DLON/H
   68   71   73   75   78   81   84   85   86   85   83   81   78   77   77   78
   82   85   90   95   98  101  101  100   97   93   91   90   88   83   76   75
   80   90  104  119  133  146  158  169  178  184  188  190  188  182  173  163
  155  148  144  141  139  136  132  127  120  114  109  108  106  104  101   96
   90   83   78   75   72   68   66   66   68
    37.5-180.0 180.0   5.0 450.0                            LAT/LON1/LON2/DLON/H
   64   67   69   71   73   75   79   82   86   88   88   87   85   84   85   88
   93  100  106  112  117  119  118  115  109  103   99   96   92   84   77   76
   83   97  113  129  143  155  166  176  186  194  200  203  201  194  183  172
  162  154  149  146  144  140  135  128  120  112  107  106  107  107  105  100
   92   83   77   74   72   67   64   62   64
    35.0-180.0 180.0   5.0 450.0                            LAT/LON1/LON2/DLON/H
   61   64   66   67   68   70   73   78   84   90   92   91   90   90   92   97
  104  112  119  126  131  133  130  125  117  110  104   99   93   84   76   76
   86  103  121  138  153  164  172  181  191  200  207  212  211  204  194  183
  173  166  161  160  159  156  151  143  133  122  114  111  112  112  111  107
   98   87   80   76   73   67   62   60   61
    32.5-180.0 180.0   5.0 450.0                            LAT/LON1/LON2/DLON/H
   59   61   63   64   65   65   68   74   82   89   93   94   94   94   97  104
  112  121  127  133  137  137  134  128  120  112  105   99   90   80   73   75
   89  108  129  147  162  172  179  186  195  204  213  218  220  216  208  199
  191  185  183  185  188  190  188  180  166  150  136  126  123  123  123  121
  112  100   90   85   79   71   63   60   59
    30.0-180.0 180.0   5.0 450.0                            LAT/LON1/LON2/DLON/H
   62   62   63   63   63   63   64   69   78   87   93   95   96   97  100  108
  117  125  130  133  134  132  128  123  117  110  104   95   84   74   70   75
   91  113  135  155  171  182  188  192  199  208  217  225  230  230  228  224
  219  216  217  225  236  243  245  237  219  196  171  152  143  141  142  142
  136  124  111  101   91   80   71   65   62
    27.5-180.0 180.0   5.0 450.0                            LAT/LON1/LON2/DLON/H
   71   66   65   64   63   62   62   65   73   82   89   93   95   97  101  109
  119  125  127  127  125  121  118  114  110  106  100   90   78   69   66   74
   93  117  141  162  180  192  198  200  204  212  222  233  243  250  255  259
  259  258  262  276  292  306  311  302  281  250  215  186  169  165  167  171
  168  156  141  126  111   97   87   79   71
    25.0-180.0 180.0   5.0 450.0                            LAT/LON1/LON2/DLON/H
   87   76   70   68   66   62   60   62   68   76   83   89   92   95   99  107
  116  121  121  117  113  108  106  104  103  100   95   85   73   64   64   74
   95  121  146  168  188  203  209  209  212  220  231  245  260  275  289  301
  304  304  310  327  349  366  373  365  341  305  263  225  203  195  197  203
  203  192  175  155  136  120  110  100   87
    22.5-180.0 180.0   5.0 450.0                            LAT/LON1/LON2/DLON/H
  107   89   78   74   70   65   61   60   63   70   77   83   88   91   95  101
  110  114  112  107  101   97   96   96   96   95   90   81   70   63   64   76
   98  124  150  174  197  214  221  221  223  231  244  261  280  302  324  342
  348  347  353  372  395  413  420  412  389  353  309  268  242  231  231  237
  238  228  209  185  162  145  136  126  107
    20.0-180.0 180.0   5.0 450.0                            LAT/LON1/LON2/DLON/H
  127  102   87   81   75   68   63   60   62   66   72   78   84   87   88   93
   99  103  101   97   93   90   90   92   94   92   87   78   69   63   66   79
  101  128  155  181  206  225  233  234  237  246  260  278  300  325  352  374
  382  381  385  402  421  436  441  435  416  387  349  311  285  271  268  270
  269  258  238  211  185  169  161  150  127
    17.5-180.0 180.0   5.0 450.0                            LAT/LON1/LON2/DLON/H
  143  114   96   87   80   73   66   64   64   66   70   76   81   83   82   83
   88   92   91   89   87   88   90   93   93   91   85   77   70   66   69   83
  106  134  162  190  216  236  245  248  252  262  276  293  315  340  368  391
  400  398  401  414  428  437  439  436  426  408  381  352  329  313  304  299
  294  282  260  231  202  186  180  170  143
    15.0-180.0 180.0   5.0 450.0                            LAT/LON1/LON2/DLON/H
  153  122  103   93   85   76   71   69   70   70   73   77   81   80   77   75
   78   81   82   82   84   87   92   95   95   91   84   77   71   68   72   87
  111  140  171  200  227  247  256  260  266  277  289  304  322  344  369  390
  399  400  404  413  422  425  424  423  423  418  404  385  366  349  335  323
  312  298  276  244  212  195  190  179  153
    12.5-180.0 180.0   5.0 450.0                            LAT/LON1/LON2/DLON/H
  155  126  106   95   86   79   75   76   77   77   78   82   84   81   74   70
   71   73   75   78   82   88   94   98   97   91   84   77   73   71   75   91
  117  148  180  211  238  256  265  271  278  288  298  308  321  338  358  376
  387  393  399  406  410  408  405  406  414  420  417  407  392  375  357  340
  326  310  287  253  218  198  191  180  155
    10.0-180.0 180.0   5.0 450.0                            LAT/LON1/LON2/DLON/H
  153  126  105   93   85   79   78   81   84   84   85   87   88   83   75   69
   68   69   71   74   80   88   95  100   99   92   84   78   74   72   77   94
  122  156  190  220  246  262  271  278  286  295  301  307  315  327  342  358
  371  381  391  398  400  395  390  392  404  415  419  414  402  386  368  350
  334  319  296  260  222  199  188  176  153
     7.5-180.0 180.0   5.0 450.0                            LAT/LON1/LON2/DLON/H
  150  125  103   89   81   76   78   83   87   89   90   91   91   86   77   71
   68   68   69   72   78   86   95  100   99   92   84   78   74   72   79   97
  126  161  196  226  250  264  273  281  290  298  302  304  309  317  329  342
  356  370  384  393  396  391  385  386  397  408  412  407  396  381  366  352
  339  325  303  266  227  201  185  171  150
     5.0-180.0 180.0   5.0 450.0                            LAT/LON1/LON2/DLON/H
  148  124  101   85   76   73   76   81   86   88   90   92   92   87   79   73
   70   69   69   71   76   84   93   99   98   91   84   78   74   72   80   99
  129  164  198  227  248  262  272  281  291  299  301  302  306  313  324  336
  350  365  380  392  398  396  389  388  395  401  401  395  382  368  357  349
  342  330  309  274  235  206  186  169  148
     2.5-180.0 180.0   5.0 450.0                            LAT/LON1/LON2/DLON/H
  150  125  102   84   75   72   74   78   82   84   86   89   90   86   79   74
   72   71   70   71   75   82   91   97   96   90   83   77   73   72   81  101
  130  164  196  222  242  256  268  279  290  298  301  304  309  319  330  340
  351  365  380  394  405  406  401  398  399  399  393  382  367  353  346  344
  342  333  314  282  245  216  193  172  150
